prog_id weight_1: child_1 ... child_n, ...
0   43: 48 32 42 45 57, 4: 46 52 56 40 49, 57: 53 36 59 43 50, 53: 33 35 60 41 34, 77: 38 51 31 39 44, 47: 37 55 58 47 54
1   45: 31
2   46: 32
3   77: 33
4   90: 34
5   100: 35
6   27: 36
7   48: 37
8   43: 38
9   66: 39
10  66: 40
11  10: 41
12  8: 42
13  65: 43
14  97: 44
15  92: 45
16  18: 46
17  85: 47
18  20: 48
19  58: 49
20  57: 50
21  100: 51
22  43: 52
23  39: 53
24  58: 54
25  99: 55
26  58: 56
27  81: 57
28  64: 58
29  64: 59
30  35: 60
31  93: 69 87 88 75 70, 14: 63 74 82 83, 56: 62 86 80 77 89, 55: 78 71 68 65 79, 17: 84 73 76 67 66, 26: 81 61 85 64 72
32  87: 61
33  73: 62
34  44: 63
35  54: 64
36  85: 65
37  63: 66
38  16: 67
39  20: 68
40  43: 69
41  47: 70
42  76: 71
43  29: 72
44  44: 73
45  4: 74
46  22: 75
47  100: 76
48  58: 77
49  56: 78
50  58: 79
51  34: 80
52  80: 81
53  94: 82
54  3: 83
55  49: 84
56  39: 85
57  16: 86
58  20: 87
59  100: 88
60  20: 89
61  16: 106 95 98 96 105, 55: 113 110 100 112 117, 72: 107 109 97 99 111, 85: 114 90 93 102, 28: 103 116 91 92 94, 27: 104 108 115 101
62  48: 90
63  85: 91
64  62: 92
65  90: 93
66  98: 94
67  54: 95
68  54: 96
69  66: 97
70  7: 98
71  72: 99
72  79: 100
73  46: 101
74  98: 102
75  1: 103
76  39: 104
77  96: 105
78  75: 106
79  12: 107
80  4: 108
81  65: 109
82  54: 110
83  98: 111
84  92: 112
85  7: 113
86  38: 114
87  26: 115
88  11: 116
89  61: 117
90  77: 136 121 134 135, 11: 137 127 125 133, 12: 140 130 126 123 129, 14: 138 119 124 142 120, 48: 122 118 132 139, 27: 131 143 141 144 128
91  23: 118
92  6: 119
93  21: 120
94  52: 121
95  37: 122
96  7: 123
97  5: 124
98  79: 125
99  91: 126
100 25: 127
101 88: 128
102 87: 129
103 94: 130
104 31: 131
105 91: 132
106 28: 133
107 74: 134
108 56: 135
109 32: 136
110 64: 137
111 76: 138
112 6: 139
113 24: 140
114 1: 141
115 86: 142
116 86: 143
117 31: 144
118 24: 168 146 163 165, 38: 148 156 153 169 170, 24: 160 158 154 161, 96: 167 155 149 150, 99: 145 157 152 147 162, 52: 164 166 151 159
119 56: 145
120 38: 146
121 62: 147
122 36: 148
123 20: 149
124 94: 150
125 53: 151
126 40: 152
127 36: 153
128 4: 154
129 33: 155
130 60: 156
131 83: 157
132 72: 158
133 25: 159
134 99: 160
135 88: 161
136 98: 162
137 22: 163
138 98: 164
139 64: 165
140 77: 166
141 56: 167
142 53: 168
143 31: 169
144 57: 170
145 56: 184 178 195 186 191, 52: 176 172 194 185 181, 40: 174 189 192 188 190, 84: 171 193 177 179 173, 19: 182 183 175 180 187
146 26: 171
147 79: 172
148 36: 173
149 2: 174
150 20: 175
151 81: 176
152 49: 177
153 75: 178
154 98: 179
155 2: 180
156 72: 181
157 73: 182
158 49: 183
159 35: 184
160 99: 185
161 76: 186
162 50: 187
163 50: 188
164 54: 189
165 86: 190
166 67: 191
167 9: 192
168 16: 193
169 85: 194
170 69: 195
171 91: 202 217 215 211 218, 67: 197 206 196 204 200, 42: 209 207 198 203, 64: 212 205 210 216 201, 65: 213 219 199 208 214
172 32: 196
173 7: 197
174 34: 198
175 43: 199
176 42: 200
177 75: 201
178 50: 202
179 88: 203
180 42: 204
181 87: 205
182 100: 206
183 58: 207
184 85: 208
185 52: 209
186 84: 210
187 86: 211
188 48: 212
189 59: 213
190 65: 214
191 50: 215
192 72: 216
193 87: 217
194 1: 218
195 7: 219
196 33: 227 226 241 224, 23: 221 237 236 233 230, 6: 242 220 223 228 222, 8: 225 240 229 235 231, 38: 238 234 239 232
197 20: 220
198 12: 221
199 88: 222
200 66: 223
201 56: 224
202 57: 225
203 33: 226
204 59: 227
205 92: 228
206 13: 229
207 48: 230
208 18: 231
209 7: 232
210 32: 233
211 42: 234
212 11: 235
213 81: 236
214 74: 237
215 12: 238
216 74: 239
217 68: 240
218 45: 241
219 86: 242
220 100: 258 247 251 254, 36: 262 249 263 250 243, 17: 257 244 248 256, 27: 260 255 259 253, 27: 245 252 261 246 264
221 71: 243
222 13: 244
223 1: 245
224 52: 246
225 6: 247
226 96: 248
227 65: 249
228 79: 250
229 10: 251
230 95: 252
231 63: 253
232 6: 254
233 5: 255
234 47: 256
235 20: 257
236 17: 258
237 78: 259
238 11: 260
239 68: 261
240 35: 262
241 45: 263
242 59: 264
243 62: 266 279 282 283, 94: 273 275 272 276, 95: 284 277 270 274, 93: 268 271 267 278, 47: 269 281 280 265 285
244 16: 265
245 29: 266
246 6: 267
247 55: 268
248 10: 269
249 2: 270
250 77: 271
251 97: 272
252 20: 273
253 18: 274
254 14: 275
255 52: 276
256 71: 277
257 76: 278
258 59: 279
259 37: 280
260 44: 281
261 26: 282
262 59: 283
263 15: 284
264 37: 285
265 52: 298 305 302 293, 12: 292 299 301 290, 53: 291 303 289 300, 46: 297 296 288 287, 44: 286 294 304 295
266 66: 286
267 3: 287
268 54: 288
269 98: 289
270 19: 290
271 33: 291
272 59: 292
273 42: 293
274 43: 294
275 44: 295
276 20: 296
277 54: 297
278 59: 298
279 18: 299
280 7: 300
281 87: 301
282 31: 302
283 52: 303
284 81: 304
285 61: 305
286 90: 308 318 311 320, 67: 322 313 319 310, 12: 315 314 306 307, 50: 323 312 324, 59: 317 309 321 316
287 89: 306
288 77: 307
289 26: 308
290 24: 309
291 31: 310
292 47: 311
293 25: 312
294 74: 313
295 30: 314
296 98: 315
297 90: 316
298 30: 317
299 3: 318
300 81: 319
301 48: 320
302 35: 321
303 68: 322
304 37: 323
305 94: 324
306 53: 333 337 334 338, 96: 342 329 330, 68: 326 328 332, 43: 336 331 340 327, 81: 339 341 325 335
307 88: 325
308 43: 326
309 95: 327
310 15: 328
311 74: 329
312 4: 330
313 19: 331
314 93: 332
315 5: 333
316 39: 334
317 9: 335
318 100: 336
319 84: 337
320 9: 338
321 42: 339
322 91: 340
323 40: 341
324 70: 342
325 91: 350 353 348, 99: 349 347 358, 48: 357 346 355, 90: 356 345 352 344, 39: 354 351 343 359
326 25: 343
327 60: 344
328 90: 345
329 7: 346
330 1: 347
331 74: 348
332 70: 349
333 37: 350
334 16: 351
335 52: 352
336 99: 353
337 34: 354
338 30: 355
339 58: 356
340 58: 357
341 5: 358
342 82: 359
343 12: 363 362 371 367, 58: 365 374 360 364, 83: 370 366 375 361, 70: 368 369 373 372
344 48: 360
345 49: 361
346 68: 362
347 14: 363
348 59: 364
349 49: 365
350 78: 366
351 57: 367
352 48: 368
353 5: 369
354 46: 370
355 78: 371
356 13: 372
357 64: 373
358 95: 374
359 31: 375
360 63: 384 381 379, 76: 382 380 386 385, 28: 389 383 376 387, 49: 390 378 377 388
361 37: 376
362 83: 377
363 64: 378
364 4: 379
365 67: 380
366 78: 381
367 92: 382
368 33: 383
369 93: 384
370 39: 385
371 6: 386
372 50: 387
373 45: 388
374 91: 389
375 92: 390
376 74: 399 397 396, 34: 402 398 404 401, 51: 392 400 393 403, 24: 391 394 395
377 2: 391
378 61: 392
379 69: 393
380 83: 394
381 42: 395
382 55: 396
383 19: 397
384 84: 398
385 93: 399
386 24: 400
387 58: 401
388 15: 402
389 75: 403
390 85: 404
391 56: 410 409 417, 1: 413 406 411, 76: 414 415 405, 84: 412 408 416 407
392 9: 405
393 76: 406
394 36: 407
395 74: 408
396 1: 409
397 72: 410
398 9: 411
399 84: 412
400 60: 413
401 7: 414
402 7: 415
403 26: 416
404 18: 417
405 36: 428 423 420, 86: 419 427 424, 76: 429 422 426, 60: 421 418 425
406 18: 418
407 90: 419
408 50: 420
409 65: 421
410 17: 422
411 13: 423
412 14: 424
413 73: 425
414 43: 426
415 55: 427
416 83: 428
417 84: 429
418 76: 431 440, 22: 437 435 434, 20: 438 433 436, 5: 432 430 439
419 46: 430
420 16: 431
421 27: 432
422 48: 433
423 52: 434
424 31: 435
425 94: 436
426 73: 437
427 95: 438
428 85: 439
429 59: 440
430 93: 447 446 449, 68: 442 448, 54: 450 441 445, 82: 444 443
431 61: 441
432 25: 442
433 47: 443
434 70: 444
435 16: 445
436 71: 446
437 17: 447
438 94: 448
439 15: 449
440 63: 450
441 84: 457 456 459, 71: 452 454 458, 40: 451 453 455
442 28: 451
443 69: 452
444 31: 453
445 48: 454
446 50: 455
447 78: 456
448 75: 457
449 76: 458
450 61: 459
451 33: 463 462, 55: 465 466 461, 82: 464 460 467
452 74: 460
453 16: 461
454 20: 462
455 49: 463
456 63: 464
457 15: 465
458 74: 466
459 12: 467
460 28: 473 474, 81: 468 471, 10: 470 469 472
461 32: 468
462 98: 469
463 72: 470
464 62: 471
465 72: 472
466 28: 473
467 6: 474
468 31: 480 477, 43: 475 476, 43: 479 478
469 23: 475
470 55: 476
471 89: 477
472 22: 478
473 7: 479
474 18: 480
475 65: 481 483, 16: 484, 15: 482 485
476 24: 481
477 72: 482
478 21: 483
479 52: 484
480 76: 485
481 58: 488 487, 30: 486 489
482 74: 486
483 22: 487
484 17: 488
485 18: 489
486 57: 490, 83: 491 492
487 59: 490
488 66: 491
489 56: 492
490 32: 494, 73: 493
491 84: 493
492 36: 494
493 88: 495
494 93: 495
495 0:
