node	size	children
513	90	612
223	39	225	229	781
643	16	644
317	85	621
851	94	869
75	41	103
242	53	291
453	83	454
718	1	720
111	25	119	471
819	69	820
730	56	731	741
498	43	515
459	59	460
946	66	968
809	50	815
702	57	703	789
601	70	602	603
799	77	821
696	4	697	700	702	706	721
434	53	456
481	30	501
713	78	717
544	28	545
79	40	82
19	1	35
367	98	369
800	80	802	809
451	76	453
505	23	507	902
45	71	517
644	95	720
765	29	947
812	83	817
162	8	566	881
794	57	805
6	57	55	754
805	77	806
261	72	263
351	12	353
673	45	675	676
951	24	975
176	72	202
795	49	804	940
73	21	489	733
373	90	472
986	12	988
600	75	869
853	66	950
168	83	174
95	7	112	173	347
283	99	286
756	99	761
160	55	267
581	59	631
48	93	58	66	979
925	68	949
415	11	416	417
661	87	662
840	79	877
385	65	943
62	86	64	78	81
916	86	923	933
727	41	751
151	8	159
789	47	795	797
546	54	789
282	10	297
985	72	986
787	62	814
649	58	650
610	93	612
584	19	585
506	37	641
299	90	301	312
475	4	916
252	75	253	256	326
720	18	807
243	38	244	249
416	54	543
927	20	970
578	79	837
511	6	513
929	91	967
660	97	711
780	40	790
427	76	430	431
0	88	524
554	45	847
448	40	714
709	63	966
432	76	433	440
876	30	879
854	87	857	858	866
54	34	72
410	94	415
561	29	563
361	40	364	365	381
942	94	985
300	69	324	452
771	53	935
198	18	200
153	97	176
734	82	736
289	34	294
326	4	330
53	62	115
537	43	540
783	67	785
980	30	987
134	2	139
572	33	573	576	586
17	69	153
290	42	291	295
472	99	481	497
276	49	281	502
154	50	439
291	68	293	296	372
558	91	849
92	77	98	105
375	96	961
395	59	576
280	76	287
684	34	686
933	42	935
728	13	734
441	99	601
870	27	871	872
948	95	950
159	77	162
42	86	45	167
953	85	979
292	51	761
563	28	564
137	71	262
352	1	356	357
130	12	317
152	92	153	160	759	849
620	28	626
697	51	698	699
937	8	953
973	97	981
566	50	567	569
798	89	807
205	94	341	829
519	32	522
654	42	664	691
536	93	537	538	539
959	10	974
267	22	271
8	77	21
670	96	672	673
314	10	315	317	329
311	98	457
418	3	451
379	50	386	395
521	69	799
43	11	305
214	62	226
322	6	327
821	55	822	825	826	838
380	7	383
264	65	266
626	93	627
767	60	779	912
231	14	232
637	50	640	642
27	89	46	866	954
688	32	748
984	21	988
93	7	497
976	73	983
686	75	840
824	49	924
108	34	159
857	7	867
101	21	102	432
529	18	548
51	77	226
907	67	922	958
260	76	760
70	6	91	142	146
844	26	868
668	1	669	671
567	29	606
793	39	890
399	93	401	404
926	87	930	944
860	7	864
462	22	770
527	73	528	529
123	77	130
265	52	267	270	275
293	95	616
346	17	546
401	61	403
615	55	821
495	75	496
391	53	393
221	42	539
806	64	808
890	20	893	897	913
238	42	239	240	242	243
402	54	885
653	54	654	665
353	39	360
362	6	519
556	60	560	853
822	74	823	828	852
364	85	713
46	82	51
737	93	902
29	18	42
489	75	490
388	98	396
545	37	546	557	568
524	83	859	893
808	8	812
72	77	74
118	64	135	143
5	43	112
142	22	696
250	42	255
420	19	422
397	21	402
341	33	342	343	349
575	39	580
21	96	37
131	33	132	140
275	35	276	278	837
678	2	739
120	22	305
912	99	936	942
958	33	974
852	99	855	861	863
565	7	570	581
114	54	116	124
259	59	265
398	43	534
135	15	163	250
104	94	108	110
251	56	305
773	66	841
788	32	789	793	800	816
179	86	181
592	66	594	596
236	10	331
269	61	361
872	67	874	887
255	25	387
989	28
471	68	473	474
835	99	903
669	51	716
277	17	437
384	44	755
128	60	133	146
939	95	940
909	56	967
881	53	961
234	2	286
213	60	214	228
968	99	984
449	11	452	459
541	14	544
687	54	723
182	83	733
107	84	129	642	869
98	49	394
113	53	114	122	274	572
586	64	587
763	66	861
256	92	257	359
84	55	368
191	4	199
868	65	971
58	1	159
207	96	323
577	51	579
605	77	611	986
119	73	323
550	43	914
396	98	399
978	60	982
547	99	548	554	653
202	41	875
315	79	322	323
126	14	131
80	61	92
901	94	979
903	31	921
735	30	738
520	93	521	523	525
354	86	496
76	13	87	115
591	10	597	682
337	40	339	340
979	69	983
543	18	618
246	29	247	259
129	7	138	892
629	59	810
90	71	96	104	214
551	9	553	559
596	99	599
530	18	718
473	9	480	483	961
695	77	696	704
458	47	461	463
99	62	101
570	99	572	574
132	64	136
731	7	732
248	75	250	261
889	42	904
690	39	692	937
736	91	739	742
639	32	813
170	79	342
138	47	149
762	88	764	769
165	82	187
743	49	756
263	9	269
37	21	258
497	56	502
910	4	959
376	9	380	976
760	81	770	771	777
197	48	198	207
865	16	876	883
329	3	331
810	80	893
864	35	899
873	64	880
797	16	822
307	79	311
491	97	495
597	65	598	792
841	97	853
65	19	959
35	38	39	48	54	62	68
109	50	597
758	33	763	776
899	4	912
830	67	833
905	81	971
430	37	493
121	3	123	128	141
875	9	882	896
23	94	178
552	36	817
894	31	898	902
465	45	656
249	85	457
518	62	519	524	629	971
761	75	866
802	25	803
723	52	725	730
676	39	677	678	680	681	861
414	74	720
983	6	988
878	99	886
392	97	394	400
357	54	363	366
786	19	932
60	45	65	851
975	16	977
382	29	388	389	390	398
966	40	978
287	52	289	290	292
146	39	173	573	676
897	58	917	927
323	83	325	326
913	48	916
344	5	345	355
212	14	522
169	37	172
443	30	447
882	78	984
523	21	527
313	18	557
241	95	664
768	5	772	778
874	81	892
603	13	615	672	910
598	86	600
103	57	266
708	95	710	719
438	75	441
947	61	951
703	49	708
877	63	933
189	97	197	334
535	97	536
71	43	76
682	26	751
745	82	747
856	57	859	860	903
618	74	619	621	622
359	49	677
962	59	971
879	92	888
149	58	152
305	70	306	308
356	93	358	359	372	842
621	51	623	631	910
365	12	424
898	92	899
288	17	299
158	6	166
181	1	192
144	26	524
435	83	436	438	446
64	20	67	86
105	32	121	134
880	68	895
922	17	925	928
862	89	865	884
515	50	831
548	49	549	555
332	6	334	341
363	8	367
254	16	368
920	23	989
270	50	530
560	71	561	562	566
945	72	972
485	58	486	499
350	59	354
594	78	595
196	70	206
698	78	701
257	27	260	262	277	942
428	22	429	439
482	52	818
122	99	125	126	127	137
635	100	637
960	74	984
460	100	464	465
407	61	413	932
446	9	683	807
266	70	268
725	7	736
423	55	481
133	65	356
187	24	252
540	48	542	547
988	82	989
534	16	721
24	46	30	34	287	524
59	95	63
183	85	208	441	570
944	12	984
861	97	938
622	73	901
501	33	504	505	506
455	91	467	677
96	85	100	343
77	96	83	88
636	31	638
585	58	597
774	2	775	781
174	44	180	183
425	52	428	432
406	55	409	410	421
769	100	903
849	46	928
700	67	825
722	82	723	724
757	90	771
44	34	313	422
81	19	84	94
383	68	385	497
784	3	800
171	92	175	182	834
871	47	949
18	60	866
811	73	813
950	38	952
330	73	333	336	987
542	3	672	937
209	47	210	215	620	639	787
580	4	584
917	24	924
464	3	466	662
503	74	670
298	24	300
157	8	161	372	884
751	95	756	758
371	75	617
650	32	651	652	661
609	77	614
742	34	743
478	37	479	721
347	5	965
36	11	529
753	51	946
237	77	340
222	35	223	737
850	82	854
607	67	610
219	69	222	535	920
440	41	442
244	52	252	367	786
531	72	533	534
39	14	53	828
394	24	478
883	48	907
411	73	412
538	23	540	541	543	552
634	34	647	810
931	23	950
91	47	319	728
484	74	748
57	76	192
790	38	791	796	801	912
409	33	558
692	27	693
456	5	458
516	1	710
675	29	679	683
772	83	774
102	23	309
413	29	419
466	88	486
842	55	845	846
571	50	669
316	5	318
672	96	805
477	60	478	482	534
792	70	798
210	5	441
677	96	685
61	49	327
78	14	79
846	24	847
235	29	645
342	31	866
638	87	639
617	40	618
674	88	774
741	81	800
22	88	499
955	85	957
701	94	707
69	94	559
281	76	912
694	7	705
220	48	693
206	37	211
20	34	840
217	2	218	226	980
193	100	195	204
419	83	420
943	94	946	961
253	17	258
803	88	858
139	43	144	145	157
310	42	316
194	8	812
721	42	902
781	11	784	786	787
258	77	264
847	56	849	886
279	82	282
177	58	179	185
63	83	73
923	87	931
499	64	500	780
970	63	977
818	81	912
278	29	284
124	78	138
640	31	641
746	99	752
562	27	563	571
33	59	50
148	100	150	154	491
863	29	873
671	40	674
602	83	604	605
510	78	979
759	49	760	805
15	66	501
233	44	235	237
286	100	365
296	63	525
525	76	526	530	531	953
426	16	509
30	67	466
965	71	985
239	20	246
389	19	650
439	13	445
657	12	944
268	97	272
173	72	189
867	96	875
938	60	963	969
624	95	638
587	92	589
297	93	373
358	27	361
918	34	929
754	62	757	762
479	81	484
625	56	846
817	16	919
623	55	625
755	17	759
452	82	971
816	10	821
987	32	989
405	77	407	408
716	17	718	722
28	23	43	52	550	940
648	97	653
689	82	691
533	30	914
112	30	114
707	35	709	715	760
34	10	59	189
828	10	831	839
429	87	732
632	55	982
528	46	623
340	7	344
155	40	277
891	53	892
38	88	47	55	80
334	10	347
706	72	961
192	61	194	196	202
704	17	905
190	62	191
331	94	519
156	40	158
232	88	587
469	40	470
752	33	985
685	97	690	695	844
41	65	518	622
508	65	512
136	70	353
801	32	810
699	90	953
172	34	556
345	33	346
740	72	746
576	82	716
431	10	435
68	53	160
906	92	922
199	48	212
549	66	550	551	556
778	48	783	788	792	846
949	6	980
483	47	485	489	860
348	77	350
308	94	313	855
981	90	988
608	100	979
848	41	856
433	96	434	447
404	92	406
885	62	889	894	989
569	51	614	871
715	26	979
714	8	903
372	68	373	374	375
579	20	582	588
211	9	216	221
218	43	219	220	224	230
583	93	592	851
611	70	613	616	617
717	30	841
31	93	60
502	89	503	511
747	36	748	749
837	9	841
770	25	773
321	42	338
832	98	904
919	51	938	941
447	9	450	451	493	506
403	67	476
982	6	987
306	62	309
977	23	980
517	60	520
147	13	155
659	86	674
333	11	337	617
201	99	476
902	54	908	909
633	33	634	635
476	36	477
49	60	167
796	39	799	811
240	14	248	251
589	39	591
175	28	177	186	702
662	61	817
555	77	634
125	44	693
272	15	279	280
304	74	307	327
839	39	851
509	19	514	518
271	47	273	274	311	460
588	87	590	593
656	9	790
328	6	335	865
568	11	701
140	76	142	189
627	39	628	629	636
664	15	752
628	73	630
295	40	766
150	98	217
526	24	532	878
378	49	379
820	4	824
972	68	989
652	77	667
843	20	844
964	69	988
729	67	929
834	24	962
85	47	226
646	19	649
967	41	973
335	14	355
100	31	106	109	578
488	41	491
539	54	572
387	69	391	949
952	49	962
10	18	18	33	38
532	62	535
886	77	914
247	37	668
619	29	620	633	966
285	3	288
467	35	584
496	46	510
203	72	209	213
887	3	891
110	19	111	113
284	57	285
52	20	57	71
681	52	682	687
324	59	535
719	6	774
655	94	656	657	663
390	3	392	397	405
971	13	976
474	28	475
969	72	987
815	59	818
813	33	867
935	2	956
908	30	910	915	918
915	96	983
349	59	351	352
200	37	203
724	51	726	887
884	33	928
338	53	434
553	12	558	563	772
325	83	440
705	52	714
228	94	231	241
301	51	302	303
924	62	937	954	968
564	25	565
858	18	988
86	46	95	461
941	23	945
764	47	765	767
164	75	165	167	170	178
666	17	785
750	91	753	755	861
859	43	862
454	71	457
559	10	674
381	14	384	906
67	50	90
400	27	435
127	22	553
11	51	420
422	88	613
369	52	376	377
512	65	614
47	30	56
87	61	93	674
900	15	905	965
892	94	901
869	41	878	885
444	59	935
180	71	386
573	13	577
368	32	370
436	18	437	589
726	47	727	729
470	4	476
437	44	584
116	46	117	118	844	916
445	33	448	449	456	747
186	39	187	193	884
928	49	947	948	960
710	70	711	712	728
360	49	362
319	21	321
954	51	955	964
417	69	418
480	58	654
336	100	472	954
273	64	283	394
487	26	488
318	23	547
504	50	974
461	46	610
492	73	493	498
826	69	842
377	16	382
216	81	234
963	26	973
807	42	888
893	98	900
630	43	632
500	34	509
339	63	348
961	75	975
831	44	836	837
691	55	748
911	40	987
827	50	830	834
663	41	740
777	21	805
408	73	411	414
791	57	794
904	83	942
804	79	841
612	15	614	981
40	23	49	182
117	4	148
494	27	564
145	51	148	151	156	545
195	55	284
782	56	948
766	68	768	782
185	29	794
56	44	61	69	77
776	79	970
303	7	304	305	310	905
66	65	70	75	85	515
493	45	494
631	50	653
823	60	829
744	8	745
957	1	982
106	99	120
141	80	147	562
13	97	25	31
595	37	681
55	39	80
7	89	461
386	42	387
785	43	819
312	39	319
514	11	517
229	46	528
974	85	989
302	76	560
896	41	911
838	58	843
490	58	492	966
665	47	666	828
184	8	552
115	48	604
167	17	171
208	81	230
442	90	443	444	873
642	23	643	645
825	28	832	840
163	41	679
274	40	318
370	27	371	774
88	30	89	97
507	35	508	516
3	79	446
936	72	959
12	87	27
836	66	848
845	52	850
956	70	966
97	93	99
679	10	688
930	12	934
9	56	14
463	2	468
522	42	710
74	88	202
393	69	571
606	50	607	608	852
89	91	524
26	76	191
178	57	184	188
651	67	658
557	27	755
645	51	646	660
940	68	943
320	84	324
749	28	760
355	48	796
166	8	169
82	25	574
683	92	684	689
604	13	606
711	15	737
779	17	780
921	2	957
748	6	750	754
658	3	659
309	22	314	320
866	53	870
599	76	601	609
582	28	583	814
574	53	575	578
450	89	455
412	50	553
614	69	694
468	54	469	471	472
693	28	694
932	85	985
1	80	17
204	12	205	217
647	18	648	655
590	3	881
738	33	740	957
343	66	471
457	60	462	725
245	89	254
733	73	735
775	40	929
888	37	890	903	919
421	49	423	424
32	90	361
366	99	368	502
94	37	107
262	36	595
16	87	36
226	72	658
833	11	835
225	96	227	234	929
667	53	668	670
914	30	920	926	932
50	66	748
327	95	328	332
374	84	378
224	75	276
188	51	190	201
739	64	744	766
294	47	298
25	56	40	41
613	14	653
486	81	487
161	66	168	827
143	36	164
230	45	233	236	238	245
424	30	425	426	427	547
934	24	939
83	47	908
712	61	713	716
895	27	906
227	81	378
215	57	391
829	92	918
2	48	9
616	56	624
593	58	614
14	38	32
732	39	733	737
641	66	829
680	68	943
855	48	881
814	15	827
4	32	22