prog_id prog_time weight_1: child_1 ... child_n, ...
0	26	32: 56 58 31 59 51, 74: 35 41 37 57 48, 23: 33 39 38 49 36, 97: 60 42 55 52 50, 19: 34 44 45 54 46, 70: 47 32 53 40 43
1	85	18: 31
2	38	100: 32
3	10	88: 33
4	41	17: 34
5	70	99: 35
6	83	30: 36
7	35	38: 37
8	46	3: 38
9	73	79: 39
10	61	51: 40
11	68	31: 41
12	93	87: 42
13	63	27: 43
14	73	98: 44
15	53	41: 45
16	13	100: 46
17	82	87: 47
18	12	84: 48
19	86	35: 49
20	76	42: 50
21	80	3: 51
22	94	98: 52
23	96	69: 53
24	34	40: 54
25	74	98: 55
26	52	86: 56
27	62	56: 57
28	41	80: 58
29	86	70: 59
30	47	1: 60
31	17	77: 63 67 61 69 82, 40: 72 65 76 62 86, 82: 66 85 74 84 75, 54: 71 70 88 64, 65: 80 81 77 83 89, 33: 73 79 78 68 87
32	90	59: 61
33	20	10: 62
34	70	65: 63
35	61	9: 64
36	99	55: 65
37	18	85: 66
38	45	86: 67
39	91	80: 68
40	69	48: 69
41	14	11: 70
42	52	4: 71
43	45	77: 72
44	50	90: 73
45	36	67: 74
46	78	11: 75
47	93	13: 76
48	82	43: 77
49	13	73: 78
50	53	41: 79
51	64	57: 80
52	100	52: 81
53	87	6: 82
54	79	17: 83
55	66	7: 84
56	27	4: 85
57	57	98: 86
58	52	100: 87
59	78	12: 88
60	43	20: 89
61	23	58: 103 92 99 90 100, 71: 115 101 95 102 96, 76: 105 93 107 117, 50: 112 114 91 109, 24: 111 94 106 97 98, 2: 110 113 108 104 116
62	51	33: 90
63	55	68: 91
64	100	80: 92
65	27	60: 93
66	89	1: 94
67	47	50: 95
68	47	91: 96
69	46	38: 97
70	77	55: 98
71	52	56: 99
72	97	75: 100
73	36	6: 101
74	48	34: 102
75	43	39: 103
76	94	85: 104
77	99	49: 105
78	29	3: 106
79	94	12: 107
80	23	82: 108
81	45	59: 109
82	62	99: 110
83	80	83: 111
84	38	66: 112
85	75	76: 113
86	50	25: 114
87	88	57: 115
88	12	80: 116
89	54	15: 117
90	46	15: 123 133 126 138 127, 16: 125 130 120 128 124, 75: 121 129 122 142, 18: 137 141 119 118 131, 17: 135 143 140 132, 56: 136 144 139 134
91	85	12: 118
92	64	55: 119
93	100	40: 120
94	57	26: 121
95	17	7: 122
96	58	46: 123
97	43	47: 124
98	55	88: 125
99	27	21: 126
100	42	42: 127
101	55	99: 128
102	27	80: 129
103	28	64: 130
104	89	79: 131
105	55	21: 132
106	28	18: 133
107	36	25: 134
108	80	25: 135
109	52	16: 136
110	27	90: 137
111	39	50: 138
112	75	74: 139
113	84	64: 140
114	67	64: 141
115	51	64: 142
116	66	85: 143
117	12	95: 144
118	75	45: 157 148 162 155 161, 1: 150 156 165 159, 67: 151 146 149 170, 98: 158 145 164 147, 76: 160 152 168 163, 12: 154 153 167 169 166
119	92	42: 145
120	92	71: 146
121	92	69: 147
122	90	96: 148
123	82	54: 149
124	74	36: 150
125	53	33: 151
126	70	34: 152
127	37	81: 153
128	27	33: 154
129	54	78: 155
130	64	31: 156
131	51	91: 157
132	43	5: 158
133	36	79: 159
134	59	48: 160
135	67	61: 161
136	95	72: 162
137	71	68: 163
138	49	37: 164
139	67	100: 165
140	26	23: 166
141	26	2: 167
142	37	47: 168
143	80	48: 169
144	52	31: 170
145	68	4: 191 175 183 195 177, 72: 193 171 186 173 190, 38: 178 182 174 187 176, 63: 185 188 184 172 181, 99: 180 192 189 179 194
146	76	56: 171
147	32	85: 172
148	78	28: 173
149	99	41: 174
150	86	80: 175
151	100	65: 176
152	92	88: 177
153	50	85: 178
154	23	55: 179
155	91	69: 180
156	15	30: 181
157	14	54: 182
158	93	88: 183
159	79	9: 184
160	71	83: 185
161	21	97: 186
162	81	29: 187
163	47	33: 188
164	94	69: 189
165	36	88: 190
166	75	40: 191
167	80	37: 192
168	81	20: 193
169	61	77: 194
170	50	81: 195
171	85	58: 216 201 212 205 214, 41: 217 198 218 200 208, 81: 197 209 207 204 215, 54: 210 213 202 199 196, 33: 219 211 203 206
172	62	34: 196
173	49	59: 197
174	66	81: 198
175	19	89: 199
176	98	96: 200
177	70	11: 201
178	98	77: 202
179	69	66: 203
180	10	95: 204
181	53	30: 205
182	51	86: 206
183	88	16: 207
184	86	78: 208
185	66	66: 209
186	100	25: 210
187	17	57: 211
188	69	67: 212
189	32	93: 213
190	17	82: 214
191	48	27: 215
192	70	72: 216
193	56	91: 217
194	40	89: 218
195	64	69: 219
196	40	15: 237 231 220 229 242, 11: 239 226 228 234, 49: 223 225 238 227, 2: 232 236 240 221 222, 55: 224 235 241 233 230
197	60	1: 220
198	99	33: 221
199	25	80: 222
200	95	88: 223
201	27	57: 224
202	22	32: 225
203	48	77: 226
204	93	26: 227
205	68	23: 228
206	65	70: 229
207	10	40: 230
208	41	50: 231
209	16	39: 232
210	37	53: 233
211	66	72: 234
212	32	87: 235
213	53	24: 236
214	63	20: 237
215	24	64: 238
216	94	62: 239
217	65	8: 240
218	43	28: 241
219	86	1: 242
220	12	2: 247 261 251 259 254, 3: 243 244 248 245, 78: 250 253 257 249, 100: 263 264 252 256, 27: 262 258 246 260 255
221	21	81: 243
222	11	41: 244
223	89	55: 245
224	85	66: 246
225	89	14: 247
226	28	48: 248
227	69	29: 249
228	53	20: 250
229	40	93: 251
230	20	57: 252
231	65	80: 253
232	18	92: 254
233	98	41: 255
234	88	8: 256
235	62	68: 257
236	19	7: 258
237	40	24: 259
238	95	51: 260
239	89	97: 261
240	85	79: 262
241	98	71: 263
242	50	81: 264
243	10	74: 281 280 268 267, 52: 276 278 284 270, 34: 285 282 265 269, 25: 283 275 279 277 273, 97: 274 272 271 266
244	45	95: 265
245	17	3: 266
246	40	64: 267
247	69	36: 268
248	21	18: 269
249	79	4: 270
250	30	49: 271
251	73	45: 272
252	76	3: 273
253	48	4: 274
254	66	51: 275
255	34	62: 276
256	68	13: 277
257	73	4: 278
258	92	61: 279
259	39	22: 280
260	43	92: 281
261	62	73: 282
262	71	32: 283
263	30	13: 284
264	20	18: 285
265	91	87: 288 300 293 287, 11: 292 295 294 296, 98: 297 304 299 291, 45: 302 290 305 289, 81: 286 301 303 298
266	12	76: 286
267	64	76: 287
268	16	78: 288
269	23	12: 289
270	60	74: 290
271	62	86: 291
272	68	40: 292
273	33	48: 293
274	97	38: 294
275	35	36: 295
276	17	9: 296
277	88	41: 297
278	88	74: 298
279	21	98: 299
280	16	52: 300
281	55	18: 301
282	10	50: 302
283	70	74: 303
284	76	46: 304
285	74	27: 305
286	64	89: 320 316 307 317, 75: 321 308 306 323, 98: 315 318 312 322, 37: 311 310 324, 52: 319 314 309 313
287	56	24: 306
288	80	23: 307
289	61	39: 308
290	95	93: 309
291	21	30: 310
292	22	71: 311
293	72	76: 312
294	75	10: 313
295	17	35: 314
296	22	99: 315
297	17	19: 316
298	44	73: 317
299	62	92: 318
300	84	18: 319
301	65	70: 320
302	48	72: 321
303	38	67: 322
304	16	63: 323
305	81	16: 324
306	81	97: 340 328 334, 28: 330 342 339, 13: 333 335 331 325, 40: 341 329 332 327, 46: 336 337 326 338
307	43	62: 325
308	54	2: 326
309	24	12: 327
310	81	88: 328
311	92	31: 329
312	46	13: 330
313	98	55: 331
314	93	3: 332
315	73	69: 333
316	70	80: 334
317	95	61: 335
318	52	8: 336
319	30	7: 337
320	15	100: 338
321	11	35: 339
322	73	53: 340
323	72	70: 341
324	35	36: 342
325	31	92: 351 348 346, 97: 357 352 350 355, 20: 359 353 358, 37: 347 349 356, 24: 344 354 345 343
326	72	76: 343
327	33	82: 344
328	64	19: 345
329	21	41: 346
330	13	90: 347
331	15	70: 348
332	33	13: 349
333	80	26: 350
334	20	50: 351
335	24	61: 352
336	89	93: 353
337	86	28: 354
338	35	97: 355
339	41	11: 356
340	61	86: 357
341	87	17: 358
342	29	73: 359
343	12	32: 363 375 362 373, 15: 371 372 366 361, 13: 369 360 368 367, 5: 370 364 365 374
344	34	22: 360
345	45	5: 361
346	33	75: 362
347	52	93: 363
348	48	77: 364
349	32	88: 365
350	78	27: 366
351	21	22: 367
352	67	66: 368
353	76	94: 369
354	36	95: 370
355	72	76: 371
356	85	98: 372
357	92	51: 373
358	83	73: 374
359	34	70: 375
360	89	38: 390 385 388 384, 27: 389 381 379 380, 11: 377 387 386, 65: 378 376 383 382
361	23	41: 376
362	10	89: 377
363	47	33: 378
364	49	77: 379
365	33	28: 380
366	90	92: 381
367	26	31: 382
368	28	39: 383
369	30	21: 384
370	91	85: 385
371	30	58: 386
372	13	11: 387
373	38	18: 388
374	17	84: 389
375	75	66: 390
376	74	74: 400 395 401 393, 20: 392 404 391, 98: 403 399 402, 5: 397 398 394 396
377	64	20: 391
378	13	93: 392
379	39	44: 393
380	35	54: 394
381	77	48: 395
382	55	81: 396
383	27	54: 397
384	57	80: 398
385	100	63: 399
386	97	3: 400
387	86	96: 401
388	35	78: 402
389	77	1: 403
390	97	78: 404
391	54	51: 408 409 410 406, 89: 405 415 412, 5: 416 407 414, 18: 413 417 411
392	87	85: 405
393	60	6: 406
394	11	75: 407
395	81	55: 408
396	21	50: 409
397	97	88: 410
398	83	54: 411
399	66	72: 412
400	29	6: 413
401	74	67: 414
402	94	5: 415
403	49	69: 416
404	91	95: 417
405	52	33: 426 419 425, 72: 420 421 422, 83: 423 428 429, 4: 427 424 418
406	24	14: 418
407	53	32: 419
408	98	58: 420
409	82	60: 421
410	78	72: 422
411	10	100: 423
412	27	46: 424
413	42	32: 425
414	80	55: 426
415	69	89: 427
416	82	69: 428
417	29	90: 429
418	91	88: 430 439 436, 98: 437 432 438, 76: 434 440 435, 65: 431 433
419	49	29: 430
420	52	96: 431
421	94	55: 432
422	46	33: 433
423	39	8: 434
424	13	20: 435
425	38	12: 436
426	17	48: 437
427	91	55: 438
428	48	16: 439
429	39	88: 440
430	91	78: 441 450, 88: 447 449, 8: 448 445 444, 37: 443 446 442
431	86	58: 441
432	12	39: 442
433	36	91: 443
434	27	59: 444
435	70	28: 445
436	60	14: 446
437	76	67: 447
438	76	59: 448
439	28	29: 449
440	74	87: 450
441	19	29: 452 456 458, 77: 459 451 453, 20: 457 455 454
442	64	93: 451
443	32	85: 452
444	63	77: 453
445	96	60: 454
446	88	36: 455
447	83	72: 456
448	23	49: 457
449	22	2: 458
450	95	70: 459
451	63	77: 464 462 466, 48: 463 460, 48: 461 467 465
452	22	21: 460
453	54	35: 461
454	92	16: 462
455	55	79: 463
456	46	6: 464
457	63	34: 465
458	72	89: 466
459	90	49: 467
460	39	75: 469 470, 23: 473 474 471, 13: 468 472
461	53	13: 468
462	37	74: 469
463	51	81: 470
464	28	28: 471
465	65	87: 472
466	99	72: 473
467	49	53: 474
468	87	72: 478 480, 33: 477 475, 33: 479 476
469	26	78: 475
470	59	37: 476
471	82	26: 477
472	41	5: 478
473	36	30: 479
474	70	99: 480
475	97	87: 481 485, 42: 483 484, 56: 482
476	11	43: 481
477	99	98: 482
478	20	29: 483
479	30	45: 484
480	40	89: 485
481	99	8: 488 489, 20: 486 487
482	80	17: 486
483	95	81: 487
484	39	34: 488
485	86	30: 489
486	29	73: 490, 24: 492 491
487	86	42: 490
488	46	82: 491
489	65	20: 492
490	90	100: 494, 85: 493
491	74	37: 493
492	98	59: 494
493	38	39: 495
494	68	19: 495
495	26	0:
