prog_id prog_time weight_1: child_1 ... child_n, ...
0	24	17: 44 45 46 47 48 49 50 51 52 53 54 55 56 57 58 59 60 61 62 63 64 65 66 67 68 69 70 71 72 73 74 75 76 77 78 79 80 81 82 83 84 85 86
1	27	79: 44
2	28	66: 45
3	29	62: 46
4	28	2: 47
5	77	16: 48
6	30	12: 49
7	34	42: 50
8	21	63: 51
9	43	29: 52
10	64	44: 53
11	95	97: 54
12	57	11: 55
13	99	29: 56
14	37	34: 57
15	47	23: 58
16	39	73: 59
17	51	33: 60
18	34	65: 61
19	30	2: 62
20	12	53: 63
21	100	94: 64
22	43	25: 65
23	43	50: 66
24	73	15: 67
25	50	74: 68
26	86	69: 69
27	76	20: 70
28	48	29: 71
29	52	13: 72
30	75	82: 73
31	98	68: 74
32	79	62: 75
33	95	35: 76
34	79	78: 77
35	56	87: 78
36	51	15: 79
37	37	59: 80
38	43	5: 81
39	94	76: 82
40	55	48: 83
41	56	43: 84
42	95	32: 85
43	88	56: 86
44	51	55: 87 88 89 90 91 92 93 94 95 96 97 98 99 100 101 102 103 104 105 106 107 108 109 110 111 112 113 114 115 116 117 118 119 120 121 122 123 124 125 126 127 128
45	64	24: 87
46	35	23: 88
47	27	39: 89
48	77	94: 90
49	21	32: 91
50	33	36: 92
51	13	83: 93
52	99	95: 94
53	96	91: 95
54	34	95: 96
55	84	28: 97
56	51	89: 98
57	73	19: 99
58	95	48: 100
59	33	57: 101
60	11	14: 102
61	66	74: 103
62	10	88: 104
63	67	73: 105
64	72	96: 106
65	57	100: 107
66	84	89: 108
67	48	19: 109
68	87	33: 110
69	32	75: 111
70	77	14: 112
71	89	36: 113
72	34	33: 114
73	53	58: 115
74	65	25: 116
75	60	81: 117
76	27	1: 118
77	18	37: 119
78	76	11: 120
79	48	97: 121
80	25	47: 122
81	40	52: 123
82	78	10: 124
83	66	16: 125
84	23	43: 126
85	85	95: 127
86	90	29: 128
87	10	35: 129 130 131 132 133 134 135 136 137 138 139 140 141 142 143 144 145 146 147 148 149 150 151 152 153 154 155 156 157 158 159 160 161 162 163 164 165 166 167 168 169
88	38	74: 129
89	28	7: 130
90	18	97: 131
91	32	65: 132
92	49	47: 133
93	76	87: 134
94	38	11: 135
95	92	12: 136
96	21	1: 137
97	83	51: 138
98	60	88: 139
99	34	91: 140
100	24	6: 141
101	33	13: 142
102	42	19: 143
103	42	45: 144
104	65	14: 145
105	94	64: 146
106	61	71: 147
107	10	52: 148
108	21	57: 149
109	29	77: 150
110	71	99: 151
111	83	66: 152
112	93	74: 153
113	23	70: 154
114	52	86: 155
115	77	84: 156
116	17	10: 157
117	33	43: 158
118	98	53: 159
119	69	6: 160
120	94	7: 161
121	23	95: 162
122	49	12: 163
123	93	46: 164
124	32	35: 165
125	14	43: 166
126	88	11: 167
127	62	48: 168
128	88	43: 169
129	85	6: 170 171 172 173 174 175 176 177 178 179 180 181 182 183 184 185 186 187 188 189 190 191 192 193 194 195 196 197 198 199 200 201 202 203 204 205 206 207 208 209
130	31	51: 170
131	35	10: 171
132	75	89: 172
133	21	19: 173
134	42	88: 174
135	17	71: 175
136	90	6: 176
137	38	29: 177
138	87	83: 178
139	64	35: 179
140	48	10: 180
141	36	19: 181
142	80	3: 182
143	18	27: 183
144	29	21: 184
145	50	48: 185
146	39	48: 186
147	64	95: 187
148	90	70: 188
149	72	2: 189
150	26	10: 190
151	47	82: 191
152	31	97: 192
153	80	52: 193
154	58	80: 194
155	73	94: 195
156	98	25: 196
157	79	11: 197
158	82	90: 198
159	25	94: 199
160	48	94: 200
161	77	43: 201
162	96	86: 202
163	75	94: 203
164	32	88: 204
165	62	42: 205
166	42	11: 206
167	63	98: 207
168	91	90: 208
169	54	46: 209
170	78	21: 210 211 212 213 214 215 216 217 218 219 220 221 222 223 224 225 226 227 228 229 230 231 232 233 234 235 236 237 238 239 240 241 242 243 244 245 246 247 248
171	46	50: 210
172	83	39: 211
173	80	33: 212
174	92	74: 213
175	91	86: 214
176	45	38: 215
177	98	11: 216
178	25	23: 217
179	20	43: 218
180	66	10: 219
181	32	53: 220
182	82	27: 221
183	41	82: 222
184	29	59: 223
185	46	13: 224
186	74	43: 225
187	45	40: 226
188	10	75: 227
189	94	75: 228
190	13	95: 229
191	59	86: 230
192	75	96: 231
193	46	26: 232
194	45	95: 233
195	57	49: 234
196	95	56: 235
197	88	68: 236
198	87	35: 237
199	30	26: 238
200	64	22: 239
201	30	74: 240
202	12	3: 241
203	55	85: 242
204	14	86: 243
205	60	52: 244
206	20	41: 245
207	31	86: 246
208	61	14: 247
209	90	44: 248
210	43	72: 249 250 251 252 253 254 255 256 257 258 259 260 261 262 263 264 265 266 267 268 269 270 271 272 273 274 275 276 277 278 279 280 281 282 283 284 285 286
211	93	93: 249
212	92	18: 250
213	18	16: 251
214	29	37: 252
215	49	83: 253
216	68	66: 254
217	59	54: 255
218	25	13: 256
219	50	69: 257
220	51	45: 258
221	47	43: 259
222	46	78: 260
223	52	12: 261
224	93	69: 262
225	81	94: 263
226	16	31: 264
227	75	60: 265
228	69	31: 266
229	66	60: 267
230	53	34: 268
231	93	83: 269
232	83	22: 270
233	73	16: 271
234	36	91: 272
235	53	25: 273
236	22	54: 274
237	37	32: 275
238	52	68: 276
239	76	17: 277
240	21	58: 278
241	53	33: 279
242	93	87: 280
243	12	21: 281
244	94	1: 282
245	52	93: 283
246	88	3: 284
247	55	91: 285
248	12	44: 286
249	28	44: 287 288 289 290 291 292 293 294 295 296 297 298 299 300 301 302 303 304 305 306 307 308 309 310 311 312 313 314 315 316 317 318 319 320 321 322 323
250	40	31: 287
251	84	46: 288
252	44	3: 289
253	54	4: 290
254	68	10: 291
255	62	11: 292
256	64	88: 293
257	95	6: 294
258	43	71: 295
259	99	73: 296
260	93	55: 297
261	62	21: 298
262	69	35: 299
263	21	89: 300
264	59	29: 301
265	12	47: 302
266	15	84: 303
267	47	38: 304
268	49	6: 305
269	24	54: 306
270	13	22: 307
271	70	69: 308
272	91	9: 309
273	39	48: 310
274	91	27: 311
275	72	31: 312
276	40	18: 313
277	46	84: 314
278	28	25: 315
279	79	42: 316
280	76	93: 317
281	78	67: 318
282	11	55: 319
283	73	100: 320
284	10	61: 321
285	13	14: 322
286	48	44: 323
287	65	33: 324 325 326 327 328 329 330 331 332 333 334 335 336 337 338 339 340 341 342 343 344 345 346 347 348 349 350 351 352 353 354 355 356 357 358 359
288	11	20: 324
289	91	58: 325
290	51	80: 326
291	16	46: 327
292	83	87: 328
293	20	41: 329
294	44	85: 330
295	39	61: 331
296	38	5: 332
297	74	44: 333
298	53	17: 334
299	87	46: 335
300	60	28: 336
301	33	30: 337
302	39	30: 338
303	98	25: 339
304	37	47: 340
305	45	60: 341
306	64	57: 342
307	37	62: 343
308	12	62: 344
309	35	69: 345
310	31	7: 346
311	72	26: 347
312	13	72: 348
313	30	5: 349
314	97	7: 350
315	76	94: 351
316	45	2: 352
317	99	97: 353
318	14	60: 354
319	62	91: 355
320	100	35: 356
321	26	68: 357
322	96	99: 358
323	43	88: 359
324	49	32: 360 361 362 363 364 365 366 367 368 369 370 371 372 373 374 375 376 377 378 379 380 381 382 383 384 385 386 387 388 389 390 391 392 393 394
325	57	64: 360
326	59	22: 361
327	56	63: 362
328	90	32: 363
329	96	4: 364
330	94	88: 365
331	46	57: 366
332	66	91: 367
333	20	30: 368
334	53	79: 369
335	46	38: 370
336	51	79: 371
337	33	82: 372
338	57	43: 373
339	84	94: 374
340	11	86: 375
341	69	9: 376
342	51	91: 377
343	71	18: 378
344	83	49: 379
345	13	66: 380
346	40	84: 381
347	72	41: 382
348	42	6: 383
349	93	12: 384
350	83	27: 385
351	24	10: 386
352	70	8: 387
353	69	94: 388
354	66	2: 389
355	36	70: 390
356	78	90: 391
357	74	4: 392
358	77	100: 393
359	55	31: 394
360	85	47: 395 396 397 398 399 400 401 402 403 404 405 406 407 408 409 410 411 412 413 414 415 416 417 418 419 420 421 422 423 424 425 426 427 428
361	22	12: 395
362	26	63: 396
363	87	28: 397
364	58	21: 398
365	31	99: 399
366	45	63: 400
367	14	66: 401
368	93	67: 402
369	33	11: 403
370	46	66: 404
371	31	43: 405
372	52	11: 406
373	89	58: 407
374	93	1: 408
375	14	1: 409
376	44	97: 410
377	20	61: 411
378	46	4: 412
379	15	23: 413
380	27	30: 414
381	75	88: 415
382	56	24: 416
383	30	85: 417
384	23	30: 418
385	11	8: 419
386	51	37: 420
387	85	98: 421
388	21	38: 422
389	47	15: 423
390	86	84: 424
391	36	33: 425
392	22	32: 426
393	89	63: 427
394	69	79: 428
395	28	63: 429 430 431 432 433 434 435 436 437 438 439 440 441 442 443 444 445 446 447 448 449 450 451 452 453 454 455 456 457 458 459 460 461
396	15	54: 429
397	78	88: 430
398	54	51: 431
399	74	58: 432
400	16	52: 433
401	30	16: 434
402	29	91: 435
403	98	85: 436
404	61	8: 437
405	96	19: 438
406	32	24: 439
407	18	1: 440
408	84	80: 441
409	27	39: 442
410	83	90: 443
411	66	27: 444
412	37	30: 445
413	53	16: 446
414	34	56: 447
415	87	73: 448
416	40	57: 449
417	57	3: 450
418	67	32: 451
419	41	82: 452
420	21	72: 453
421	40	53: 454
422	48	18: 455
423	85	58: 456
424	80	4: 457
425	80	8: 458
426	19	29: 459
427	72	36: 460
428	81	87: 461
429	47	26: 462 463 464 465 466 467 468 469 470 471 472 473 474 475 476 477 478 479 480 481 482 483 484 485 486 487 488 489 490 491 492 493
430	13	72: 462
431	58	79: 463
432	60	12: 464
433	65	41: 465
434	68	47: 466
435	64	46: 467
436	72	88: 468
437	22	91: 469
438	92	19: 470
439	52	23: 471
440	59	42: 472
441	31	44: 473
442	39	60: 474
443	97	61: 475
444	11	19: 476
445	13	62: 477
446	75	79: 478
447	72	10: 479
448	97	81: 480
449	11	52: 481
450	27	55: 482
451	59	74: 483
452	86	55: 484
453	33	2: 485
454	33	65: 486
455	66	80: 487
456	40	38: 488
457	41	34: 489
458	53	24: 490
459	94	12: 491
460	33	90: 492
461	74	75: 493
462	69	20: 494 495 496 497 498 499 500 501 502 503 504 505 506 507 508 509 510 511 512 513 514 515 516 517 518 519 520 521 522 523 524
463	27	14: 494
464	49	22: 495
465	27	52: 496
466	60	99: 497
467	72	13: 498
468	81	42: 499
469	57	89: 500
470	46	36: 501
471	36	86: 502
472	84	82: 503
473	93	76: 504
474	12	87: 505
475	93	88: 506
476	100	84: 507
477	15	68: 508
478	86	95: 509
479	94	82: 510
480	24	34: 511
481	87	99: 512
482	50	12: 513
483	80	58: 514
484	56	66: 515
485	50	95: 516
486	87	92: 517
487	52	63: 518
488	68	68: 519
489	44	62: 520
490	95	52: 521
491	87	73: 522
492	92	16: 523
493	40	81: 524
494	13	63: 525 526 527 528 529 530 531 532 533 534 535 536 537 538 539 540 541 542 543 544 545 546 547 548 549 550 551 552 553 554
495	64	43: 525
496	33	90: 526
497	56	14: 527
498	76	86: 528
499	40	92: 529
500	48	75: 530
501	13	87: 531
502	56	5: 532
503	57	58: 533
504	60	7: 534
505	78	3: 535
506	73	72: 536
507	87	45: 537
508	13	51: 538
509	90	6: 539
510	87	94: 540
511	82	17: 541
512	93	77: 542
513	71	40: 543
514	46	3: 544
515	52	76: 545
516	62	54: 546
517	90	7: 547
518	23	26: 548
519	40	66: 549
520	37	26: 550
521	44	92: 551
522	22	82: 552
523	12	6: 553
524	76	59: 554
525	97	57: 555 556 557 558 559 560 561 562 563 564 565 566 567 568 569 570 571 572 573 574 575 576 577 578 579 580 581 582 583
526	88	60: 555
527	66	87: 556
528	80	65: 557
529	85	83: 558
530	91	80: 559
531	61	28: 560
532	56	44: 561
533	44	75: 562
534	89	7: 563
535	75	9: 564
536	26	18: 565
537	55	36: 566
538	89	10: 567
539	56	98: 568
540	64	23: 569
541	24	79: 570
542	85	4: 571
543	19	77: 572
544	85	78: 573
545	93	58: 574
546	15	70: 575
547	88	42: 576
548	17	24: 577
549	26	40: 578
550	48	7: 579
551	87	16: 580
552	39	42: 581
553	53	85: 582
554	23	61: 583
555	86	93: 584 585 586 587 588 589 590 591 592 593 594 595 596 597 598 599 600 601 602 603 604 605 606 607 608 609 610 611
556	29	19: 584
557	17	95: 585
558	29	6: 586
559	42	42: 587
560	41	38: 588
561	24	72: 589
562	66	56: 590
563	58	5: 591
564	89	63: 592
565	25	46: 593
566	34	2: 594
567	33	100: 595
568	53	4: 596
569	71	76: 597
570	48	20: 598
571	54	14: 599
572	46	7: 600
573	38	37: 601
574	61	40: 602
575	41	49: 603
576	17	34: 604
577	15	43: 605
578	30	90: 606
579	27	40: 607
580	41	15: 608
581	46	32: 609
582	57	78: 610
583	40	84: 611
584	19	50: 612 613 614 615 616 617 618 619 620 621 622 623 624 625 626 627 628 629 630 631 632 633 634 635 636 637 638
585	11	78: 612
586	77	99: 613
587	20	67: 614
588	30	29: 615
589	12	43: 616
590	90	76: 617
591	56	74: 618
592	59	85: 619
593	29	49: 620
594	58	25: 621
595	87	3: 622
596	87	30: 623
597	14	17: 624
598	85	64: 625
599	51	24: 626
600	77	29: 627
601	95	67: 628
602	41	34: 629
603	90	72: 630
604	28	76: 631
605	32	40: 632
606	49	43: 633
607	16	49: 634
608	32	67: 635
609	62	28: 636
610	86	38: 637
611	91	8: 638
612	42	26: 639 640 641 642 643 644 645 646 647 648 649 650 651 652 653 654 655 656 657 658 659 660 661 662 663 664
613	93	78: 639
614	77	73: 640
615	11	47: 641
616	30	90: 642
617	48	93: 643
618	89	24: 644
619	32	25: 645
620	15	68: 646
621	77	38: 647
622	42	6: 648
623	50	57: 649
624	58	33: 650
625	87	67: 651
626	97	68: 652
627	24	25: 653
628	45	38: 654
629	18	17: 655
630	71	14: 656
631	18	74: 657
632	44	11: 658
633	27	74: 659
634	70	2: 660
635	93	57: 661
636	36	55: 662
637	80	2: 663
638	72	73: 664
639	48	63: 665 666 667 668 669 670 671 672 673 674 675 676 677 678 679 680 681 682 683 684 685 686 687 688 689
640	71	23: 665
641	10	38: 666
642	34	45: 667
643	67	18: 668
644	65	75: 669
645	60	19: 670
646	45	4: 671
647	73	35: 672
648	17	96: 673
649	20	4: 674
650	55	61: 675
651	61	92: 676
652	48	49: 677
653	16	10: 678
654	52	24: 679
655	74	95: 680
656	65	41: 681
657	54	16: 682
658	31	78: 683
659	66	99: 684
660	59	88: 685
661	19	33: 686
662	72	7: 687
663	43	91: 688
664	73	100: 689
665	41	81: 690 691 692 693 694 695 696 697 698 699 700 701 702 703 704 705 706 707 708 709 710 711 712 713
666	100	30: 690
667	65	98: 691
668	73	33: 692
669	59	45: 693
670	46	93: 694
671	89	46: 695
672	22	48: 696
673	47	17: 697
674	83	35: 698
675	30	60: 699
676	77	7: 700
677	60	53: 701
678	46	97: 702
679	90	95: 703
680	96	47: 704
681	73	22: 705
682	61	26: 706
683	67	17: 707
684	95	23: 708
685	56	49: 709
686	65	60: 710
687	55	58: 711
688	90	82: 712
689	32	69: 713
690	38	32: 714 715 716 717 718 719 720 721 722 723 724 725 726 727 728 729 730 731 732 733 734 735 736
691	14	37: 714
692	20	57: 715
693	36	97: 716
694	52	48: 717
695	24	76: 718
696	91	81: 719
697	84	14: 720
698	82	62: 721
699	21	58: 722
700	27	94: 723
701	95	54: 724
702	12	73: 725
703	96	74: 726
704	34	79: 727
705	23	74: 728
706	62	84: 729
707	98	86: 730
708	80	10: 731
709	55	39: 732
710	80	98: 733
711	29	70: 734
712	33	21: 735
713	77	11: 736
714	20	98: 737 738 739 740 741 742 743 744 745 746 747 748 749 750 751 752 753 754 755 756 757 758
715	91	6: 737
716	63	61: 738
717	68	26: 739
718	17	52: 740
719	81	70: 741
720	40	44: 742
721	85	64: 743
722	14	1: 744
723	46	37: 745
724	78	27: 746
725	43	37: 747
726	44	87: 748
727	45	68: 749
728	23	97: 750
729	28	1: 751
730	43	52: 752
731	51	62: 753
732	10	62: 754
733	22	16: 755
734	24	9: 756
735	100	22: 757
736	47	58: 758
737	50	1: 759 760 761 762 763 764 765 766 767 768 769 770 771 772 773 774 775 776 777 778 779
738	60	66: 759
739	64	32: 760
740	46	39: 761
741	57	95: 762
742	69	73: 763
743	41	48: 764
744	74	44: 765
745	36	28: 766
746	98	20: 767
747	32	91: 768
748	49	81: 769
749	42	31: 770
750	10	4: 771
751	98	45: 772
752	25	18: 773
753	37	71: 774
754	22	24: 775
755	92	37: 776
756	85	34: 777
757	10	73: 778
758	67	80: 779
759	13	38: 780 781 782 783 784 785 786 787 788 789 790 791 792 793 794 795 796 797 798 799
760	95	71: 780
761	39	67: 781
762	35	77: 782
763	28	59: 783
764	52	60: 784
765	16	31: 785
766	89	21: 786
767	62	93: 787
768	31	53: 788
769	62	50: 789
770	12	99: 790
771	74	88: 791
772	89	36: 792
773	61	100: 793
774	58	89: 794
775	14	91: 795
776	73	88: 796
777	69	99: 797
778	65	86: 798
779	18	89: 799
780	11	29: 800 801 802 803 804 805 806 807 808 809 810 811 812 813 814 815 816 817 818
781	89	5: 800
782	95	49: 801
783	28	37: 802
784	34	90: 803
785	74	38: 804
786	51	21: 805
787	86	38: 806
788	93	95: 807
789	48	91: 808
790	26	46: 809
791	10	49: 810
792	37	38: 811
793	52	60: 812
794	53	60: 813
795	85	18: 814
796	87	77: 815
797	63	87: 816
798	51	16: 817
799	34	75: 818
800	22	71: 819 820 821 822 823 824 825 826 827 828 829 830 831 832 833 834 835 836
801	24	54: 819
802	28	15: 820
803	96	29: 821
804	68	42: 822
805	24	66: 823
806	61	38: 824
807	79	29: 825
808	12	71: 826
809	53	59: 827
810	62	92: 828
811	37	43: 829
812	68	75: 830
813	73	15: 831
814	96	22: 832
815	24	54: 833
816	75	9: 834
817	33	43: 835
818	75	39: 836
819	42	67: 837 838 839 840 841 842 843 844 845 846 847 848 849 850 851 852 853
820	31	45: 837
821	74	60: 838
822	100	76: 839
823	13	4: 840
824	80	28: 841
825	59	11: 842
826	12	87: 843
827	26	32: 844
828	76	38: 845
829	64	13: 846
830	54	80: 847
831	13	86: 848
832	21	20: 849
833	68	43: 850
834	53	70: 851
835	14	10: 852
836	34	55: 853
837	42	61: 854 855 856 857 858 859 860 861 862 863 864 865 866 867 868 869
838	89	83: 854
839	57	99: 855
840	77	27: 856
841	27	27: 857
842	45	92: 858
843	35	16: 859
844	52	97: 860
845	67	54: 861
846	23	70: 862
847	19	49: 863
848	55	36: 864
849	10	50: 865
850	33	6: 866
851	50	39: 867
852	64	54: 868
853	12	17: 869
854	90	98: 870 871 872 873 874 875 876 877 878 879 880 881 882 883 884
855	81	3: 870
856	69	68: 871
857	59	65: 872
858	91	97: 873
859	94	80: 874
860	52	73: 875
861	77	98: 876
862	97	97: 877
863	53	22: 878
864	77	29: 879
865	14	11: 880
866	100	51: 881
867	79	46: 882
868	15	82: 883
869	64	63: 884
870	67	68: 885 886 887 888 889 890 891 892 893 894 895 896 897 898
871	73	5: 885
872	88	76: 886
873	89	80: 887
874	40	8: 888
875	13	60: 889
876	18	50: 890
877	44	22: 891
878	18	17: 892
879	78	24: 893
880	32	56: 894
881	53	19: 895
882	91	11: 896
883	26	17: 897
884	44	67: 898
885	52	58: 899 900 901 902 903 904 905 906 907 908 909 910 911
886	87	14: 899
887	88	71: 900
888	23	51: 901
889	11	68: 902
890	72	89: 903
891	15	74: 904
892	43	61: 905
893	50	13: 906
894	27	51: 907
895	60	65: 908
896	66	93: 909
897	19	58: 910
898	23	29: 911
899	43	78: 912 913 914 915 916 917 918 919 920 921 922 923
900	47	73: 912
901	15	67: 913
902	54	87: 914
903	71	7: 915
904	52	41: 916
905	51	52: 917
906	79	100: 918
907	59	55: 919
908	65	22: 920
909	35	71: 921
910	80	67: 922
911	52	89: 923
912	99	8: 924 925 926 927 928 929 930 931 932 933 934
913	99	89: 924
914	17	34: 925
915	68	71: 926
916	23	62: 927
917	46	94: 928
918	75	41: 929
919	71	83: 930
920	95	21: 931
921	23	75: 932
922	36	87: 933
923	84	86: 934
924	46	64: 935 936 937 938 939 940 941 942 943 944
925	35	5: 935
926	51	25: 936
927	84	70: 937
928	12	75: 938
929	76	8: 939
930	95	28: 940
931	60	45: 941
932	43	18: 942
933	53	6: 943
934	64	9: 944
935	43	93: 945 946 947 948 949 950 951 952 953
936	38	42: 945
937	89	82: 946
938	27	1: 947
939	78	14: 948
940	17	57: 949
941	27	28: 950
942	78	13: 951
943	91	29: 952
944	94	41: 953
945	48	70: 954 955 956 957 958 959 960 961
946	76	23: 954
947	64	91: 955
948	47	2: 956
949	86	66: 957
950	93	46: 958
951	96	32: 959
952	48	65: 960
953	21	88: 961
954	78	57: 962 963 964 965 966 967 968
955	68	95: 962
956	52	59: 963
957	53	20: 964
958	49	43: 965
959	22	74: 966
960	76	13: 967
961	21	93: 968
962	65	40: 969 970 971 972 973 974
963	46	4: 969
964	49	64: 970
965	32	45: 971
966	98	50: 972
967	25	32: 973
968	99	28: 974
969	58	32: 975 976 977 978 979
970	11	36: 975
971	97	26: 976
972	57	60: 977
973	59	50: 978
974	47	58: 979
975	25	95: 980 981 982 983
976	41	59: 980
977	30	20: 981
978	49	64: 982
979	31	7: 983
980	30	29: 984 985 986
981	24	37: 984
982	81	68: 985
983	17	14: 986
984	91	87: 987 988
985	70	44: 987
986	75	63: 988
987	66	54: 989
988	45	9: 989
989	77	0:
