prog_id prog_time weight_1: child_1 ... child_n, ...
0	10	6: 31 32 33 34 35 36 37 38 39 40 41 42 43 44 45 46 47 48 49 50 51 52 53 54 55 56 57 58 59 60
1	74	89: 31
2	47	56: 32
3	82	50: 33
4	11	25: 34
5	50	4: 35
6	41	21: 36
7	99	31: 37
8	54	46: 38
9	70	39: 39
10	60	45: 40
11	31	9: 41
12	14	35: 42
13	99	94: 43
14	84	8: 44
15	53	78: 45
16	92	43: 46
17	46	61: 47
18	14	64: 48
19	19	33: 49
20	37	40: 50
21	30	99: 51
22	55	96: 52
23	36	81: 53
24	12	91: 54
25	76	53: 55
26	16	84: 56
27	45	46: 57
28	78	16: 58
29	42	33: 59
30	83	53: 60
31	86	18: 61 62 63 64 65 66 67 68 69 70 71 72 73 74 75 76 77 78 79 80 81 82 83 84 85 86 87 88 89
32	31	25: 61
33	29	41: 62
34	84	82: 63
35	14	82: 64
36	45	20: 65
37	37	47: 66
38	66	26: 67
39	30	24: 68
40	50	55: 69
41	43	97: 70
42	27	6: 71
43	20	7: 72
44	75	57: 73
45	45	14: 74
46	11	17: 75
47	74	62: 76
48	64	34: 77
49	37	97: 78
50	44	16: 79
51	35	21: 80
52	50	96: 81
53	41	55: 82
54	71	42: 83
55	29	67: 84
56	13	87: 85
57	86	68: 86
58	98	40: 87
59	26	32: 88
60	38	36: 89
61	30	83: 90 91 92 93 94 95 96 97 98 99 100 101 102 103 104 105 106 107 108 109 110 111 112 113 114 115 116 117
62	68	86: 90
63	24	1: 91
64	83	1: 92
65	25	69: 93
66	98	67: 94
67	56	18: 95
68	20	61: 96
69	83	56: 97
70	99	50: 98
71	94	32: 99
72	10	11: 100
73	34	13: 101
74	86	59: 102
75	10	16: 103
76	41	100: 104
77	39	45: 105
78	92	85: 106
79	92	78: 107
80	81	67: 108
81	86	53: 109
82	48	40: 110
83	30	49: 111
84	32	73: 112
85	84	41: 113
86	20	55: 114
87	69	36: 115
88	96	4: 116
89	71	59: 117
90	48	77: 118 119 120 121 122 123 124 125 126 127 128 129 130 131 132 133 134 135 136 137 138 139 140 141 142 143 144
91	37	15: 118
92	59	88: 119
93	51	63: 120
94	18	79: 121
95	25	98: 122
96	81	19: 123
97	31	20: 124
98	73	76: 125
99	32	91: 126
100	62	55: 127
101	40	11: 128
102	60	96: 129
103	27	38: 130
104	17	28: 131
105	90	66: 132
106	75	59: 133
107	35	30: 134
108	22	13: 135
109	57	54: 136
110	93	23: 137
111	94	92: 138
112	24	37: 139
113	38	75: 140
114	30	82: 141
115	33	9: 142
116	53	38: 143
117	43	39: 144
118	37	22: 145 146 147 148 149 150 151 152 153 154 155 156 157 158 159 160 161 162 163 164 165 166 167 168 169 170
119	88	67: 145
120	97	40: 146
121	64	36: 147
122	20	38: 148
123	83	37: 149
124	35	18: 150
125	83	36: 151
126	91	12: 152
127	72	15: 153
128	15	65: 154
129	90	100: 155
130	35	74: 156
131	28	1: 157
132	98	80: 158
133	17	52: 159
134	15	39: 160
135	29	92: 161
136	77	88: 162
137	30	71: 163
138	62	89: 164
139	60	80: 165
140	30	86: 166
141	35	2: 167
142	53	49: 168
143	19	16: 169
144	48	67: 170
145	99	99: 171 172 173 174 175 176 177 178 179 180 181 182 183 184 185 186 187 188 189 190 191 192 193 194 195
146	35	59: 171
147	40	13: 172
148	44	61: 173
149	27	89: 174
150	70	78: 175
151	33	40: 176
152	77	98: 177
153	97	87: 178
154	96	62: 179
155	72	64: 180
156	84	6: 181
157	42	8: 182
158	57	75: 183
159	68	84: 184
160	62	11: 185
161	97	1: 186
162	41	54: 187
163	87	94: 188
164	57	20: 189
165	22	66: 190
166	78	48: 191
167	19	91: 192
168	61	79: 193
169	99	66: 194
170	93	2: 195
171	80	28: 196 197 198 199 200 201 202 203 204 205 206 207 208 209 210 211 212 213 214 215 216 217 218 219
172	63	83: 196
173	96	59: 197
174	62	76: 198
175	10	81: 199
176	22	78: 200
177	13	5: 201
178	56	45: 202
179	37	72: 203
180	61	70: 204
181	81	69: 205
182	63	74: 206
183	81	11: 207
184	58	50: 208
185	31	46: 209
186	95	98: 210
187	77	56: 211
188	66	46: 212
189	61	81: 213
190	26	32: 214
191	68	76: 215
192	64	83: 216
193	85	50: 217
194	74	37: 218
195	56	27: 219
196	91	8: 220 221 222 223 224 225 226 227 228 229 230 231 232 233 234 235 236 237 238 239 240 241 242
197	12	62: 220
198	19	42: 221
199	41	64: 222
200	37	56: 223
201	61	16: 224
202	81	50: 225
203	35	88: 226
204	55	92: 227
205	90	54: 228
206	29	72: 229
207	15	42: 230
208	80	66: 231
209	95	77: 232
210	84	64: 233
211	25	12: 234
212	11	46: 235
213	56	84: 236
214	45	48: 237
215	29	29: 238
216	14	24: 239
217	20	19: 240
218	44	93: 241
219	48	47: 242
220	83	100: 243 244 245 246 247 248 249 250 251 252 253 254 255 256 257 258 259 260 261 262 263 264
221	17	80: 243
222	61	74: 244
223	50	82: 245
224	20	54: 246
225	87	82: 247
226	87	61: 248
227	95	85: 249
228	49	1: 250
229	92	23: 251
230	94	79: 252
231	86	99: 253
232	40	13: 254
233	50	45: 255
234	83	89: 256
235	55	34: 257
236	44	76: 258
237	20	85: 259
238	84	20: 260
239	21	34: 261
240	61	98: 262
241	60	82: 263
242	30	80: 264
243	100	30: 265 266 267 268 269 270 271 272 273 274 275 276 277 278 279 280 281 282 283 284 285
244	67	93: 265
245	87	32: 266
246	50	73: 267
247	75	46: 268
248	72	13: 269
249	43	47: 270
250	23	32: 271
251	58	47: 272
252	16	40: 273
253	57	30: 274
254	10	72: 275
255	13	71: 276
256	17	52: 277
257	23	17: 278
258	87	43: 279
259	51	3: 280
260	36	36: 281
261	94	31: 282
262	24	23: 283
263	32	52: 284
264	64	76: 285
265	44	11: 286 287 288 289 290 291 292 293 294 295 296 297 298 299 300 301 302 303 304 305
266	14	3: 286
267	100	69: 287
268	86	89: 288
269	79	69: 289
270	57	86: 290
271	38	91: 291
272	85	31: 292
273	68	95: 293
274	51	8: 294
275	53	43: 295
276	78	91: 296
277	21	30: 297
278	46	3: 298
279	76	85: 299
280	82	11: 300
281	26	66: 301
282	43	10: 302
283	12	6: 303
284	41	30: 304
285	94	53: 305
286	24	61: 306 307 308 309 310 311 312 313 314 315 316 317 318 319 320 321 322 323 324
287	71	66: 306
288	46	50: 307
289	44	12: 308
290	59	59: 309
291	83	78: 310
292	54	2: 311
293	98	31: 312
294	96	44: 313
295	78	21: 314
296	97	60: 315
297	63	39: 316
298	78	73: 317
299	15	12: 318
300	86	24: 319
301	62	80: 320
302	43	81: 321
303	59	6: 322
304	72	42: 323
305	64	15: 324
306	97	9: 325 326 327 328 329 330 331 332 333 334 335 336 337 338 339 340 341 342
307	69	63: 325
308	59	67: 326
309	72	26: 327
310	63	68: 328
311	76	39: 329
312	39	70: 330
313	36	54: 331
314	56	15: 332
315	77	67: 333
316	50	8: 334
317	20	84: 335
318	43	58: 336
319	18	21: 337
320	17	40: 338
321	69	52: 339
322	98	45: 340
323	84	42: 341
324	33	48: 342
325	75	52: 343 344 345 346 347 348 349 350 351 352 353 354 355 356 357 358 359
326	99	55: 343
327	83	13: 344
328	90	72: 345
329	51	8: 346
330	24	42: 347
331	33	16: 348
332	65	86: 349
333	80	99: 350
334	58	93: 351
335	24	87: 352
336	54	24: 353
337	46	29: 354
338	58	37: 355
339	23	72: 356
340	36	49: 357
341	24	99: 358
342	37	71: 359
343	48	92: 360 361 362 363 364 365 366 367 368 369 370 371 372 373 374 375
344	15	64: 360
345	67	97: 361
346	31	41: 362
347	18	31: 363
348	38	78: 364
349	29	6: 365
350	86	37: 366
351	38	88: 367
352	35	91: 368
353	40	48: 369
354	38	100: 370
355	46	84: 371
356	100	99: 372
357	51	61: 373
358	65	59: 374
359	90	27: 375
360	50	20: 376 377 378 379 380 381 382 383 384 385 386 387 388 389 390
361	12	61: 376
362	61	60: 377
363	74	12: 378
364	62	54: 379
365	22	87: 380
366	20	8: 381
367	97	94: 382
368	41	42: 383
369	50	31: 384
370	12	59: 385
371	28	32: 386
372	87	1: 387
373	89	1: 388
374	80	94: 389
375	26	49: 390
376	82	73: 391 392 393 394 395 396 397 398 399 400 401 402 403 404
377	91	53: 391
378	25	98: 392
379	52	57: 393
380	57	14: 394
381	62	24: 395
382	20	20: 396
383	27	27: 397
384	26	48: 398
385	35	79: 399
386	27	38: 400
387	28	39: 401
388	73	10: 402
389	49	45: 403
390	91	40: 404
391	80	25: 405 406 407 408 409 410 411 412 413 414 415 416 417
392	26	1: 405
393	12	41: 406
394	20	63: 407
395	11	30: 408
396	86	86: 409
397	40	98: 410
398	13	23: 411
399	92	52: 412
400	11	48: 413
401	28	98: 414
402	60	98: 415
403	31	73: 416
404	32	78: 417
405	17	67: 418 419 420 421 422 423 424 425 426 427 428 429
406	12	85: 418
407	63	100: 419
408	79	24: 420
409	48	92: 421
410	28	80: 422
411	79	88: 423
412	61	78: 424
413	21	95: 425
414	36	84: 426
415	59	89: 427
416	58	43: 428
417	71	88: 429
418	82	38: 430 431 432 433 434 435 436 437 438 439 440
419	28	2: 430
420	24	79: 431
421	60	84: 432
422	36	72: 433
423	82	67: 434
424	29	79: 435
425	39	90: 436
426	95	45: 437
427	93	52: 438
428	34	76: 439
429	70	85: 440
430	45	8: 441 442 443 444 445 446 447 448 449 450
431	26	3: 441
432	30	96: 442
433	29	46: 443
434	84	78: 444
435	22	54: 445
436	45	63: 446
437	81	10: 447
438	53	89: 448
439	92	24: 449
440	76	45: 450
441	24	52: 451 452 453 454 455 456 457 458 459
442	15	54: 451
443	61	32: 452
444	82	81: 453
445	53	21: 454
446	16	100: 455
447	99	46: 456
448	33	2: 457
449	75	99: 458
450	57	92: 459
451	62	42: 460 461 462 463 464 465 466 467
452	83	77: 460
453	73	65: 461
454	43	91: 462
455	50	8: 463
456	97	90: 464
457	84	37: 465
458	69	47: 466
459	36	80: 467
460	13	33: 468 469 470 471 472 473 474
461	35	83: 468
462	46	44: 469
463	69	16: 470
464	56	26: 471
465	80	18: 472
466	29	100: 473
467	97	51: 474
468	58	18: 475 476 477 478 479 480
469	63	22: 475
470	89	13: 476
471	52	60: 477
472	65	12: 478
473	44	93: 479
474	11	22: 480
475	54	76: 481 482 483 484 485
476	74	26: 481
477	68	77: 482
478	60	69: 483
479	42	65: 484
480	16	48: 485
481	26	75: 486 487 488 489
482	16	97: 486
483	84	83: 487
484	25	20: 488
485	45	42: 489
486	35	88: 490 491 492
487	81	26: 490
488	76	19: 491
489	77	16: 492
490	26	45: 493 494
491	84	26: 493
492	51	89: 494
493	76	89: 495
494	23	99: 495
495	40	0:
