prog_id prog_time weight_1: child_1 ... child_n, ...
0	62	92: 38 39 40 41 42 43 44 45 46 47 48 49 50 51 52 53 54 55 56 57 58 59 60 61 62 63 64 65 66 67 68 69 70 71 72 73 74
1	36	52: 38
2	10	71: 39
3	38	21: 40
4	28	68: 41
5	23	91: 42
6	31	83: 43
7	86	9: 44
8	70	41: 45
9	12	38: 46
10	92	92: 47
11	65	77: 48
12	40	14: 49
13	45	82: 50
14	27	90: 51
15	24	72: 52
16	16	38: 53
17	16	86: 54
18	66	48: 55
19	85	8: 56
20	51	28: 57
21	52	12: 58
22	29	47: 59
23	64	86: 60
24	41	46: 61
25	76	57: 62
26	13	83: 63
27	28	18: 64
28	86	24: 65
29	83	44: 66
30	88	72: 67
31	30	29: 68
32	54	18: 69
33	48	4: 70
34	34	39: 71
35	25	39: 72
36	17	80: 73
37	92	23: 74
38	62	88: 75 76 77 78 79 80 81 82 83 84 85 86 87 88 89 90 91 92 93 94 95 96 97 98 99 100 101 102 103 104 105 106 107 108 109 110
39	54	61: 75
40	51	82: 76
41	53	62: 77
42	43	91: 78
43	81	78: 79
44	31	47: 80
45	61	67: 81
46	82	6: 82
47	45	95: 83
48	31	28: 84
49	26	21: 85
50	20	71: 86
51	47	70: 87
52	63	56: 88
53	65	42: 89
54	80	87: 90
55	90	49: 91
56	52	32: 92
57	30	16: 93
58	62	18: 94
59	61	62: 95
60	29	38: 96
61	67	88: 97
62	18	41: 98
63	26	66: 99
64	59	72: 100
65	44	68: 101
66	41	3: 102
67	25	79: 103
68	28	81: 104
69	25	28: 105
70	16	21: 106
71	99	5: 107
72	86	45: 108
73	12	1: 109
74	32	15: 110
75	86	14: 111 112 113 114 115 116 117 118 119 120 121 122 123 124 125 126 127 128 129 130 131 132 133 134 135 136 137 138 139 140 141 142 143 144 145
76	93	32: 111
77	77	84: 112
78	49	5: 113
79	92	76: 114
80	60	45: 115
81	33	72: 116
82	55	92: 117
83	61	96: 118
84	30	18: 119
85	45	61: 120
86	46	56: 121
87	70	13: 122
88	83	97: 123
89	83	24: 124
90	72	1: 125
91	32	75: 126
92	36	19: 127
93	93	8: 128
94	24	50: 129
95	18	89: 130
96	70	81: 131
97	53	82: 132
98	16	68: 133
99	91	66: 134
100	80	20: 135
101	32	78: 136
102	73	64: 137
103	12	10: 138
104	27	63: 139
105	27	52: 140
106	18	39: 141
107	22	63: 142
108	36	57: 143
109	28	10: 144
110	22	48: 145
111	15	62: 146 147 148 149 150 151 152 153 154 155 156 157 158 159 160 161 162 163 164 165 166 167 168 169 170 171 172 173 174 175 176 177 178 179
112	90	60: 146
113	73	4: 147
114	60	43: 148
115	65	28: 149
116	93	66: 150
117	42	21: 151
118	59	50: 152
119	17	2: 153
120	67	74: 154
121	47	56: 155
122	59	22: 156
123	18	81: 157
124	36	80: 158
125	47	48: 159
126	32	83: 160
127	87	89: 161
128	99	3: 162
129	43	18: 163
130	65	46: 164
131	15	96: 165
132	18	61: 166
133	11	72: 167
134	65	91: 168
135	36	27: 169
136	18	4: 170
137	40	75: 171
138	74	48: 172
139	70	51: 173
140	14	32: 174
141	85	94: 175
142	67	87: 176
143	43	10: 177
144	57	95: 178
145	31	91: 179
146	26	50: 180 181 182 183 184 185 186 187 188 189 190 191 192 193 194 195 196 197 198 199 200 201 202 203 204 205 206 207 208 209 210 211 212
147	20	24: 180
148	63	13: 181
149	11	77: 182
150	17	55: 183
151	38	21: 184
152	39	48: 185
153	49	74: 186
154	95	39: 187
155	90	29: 188
156	19	1: 189
157	31	37: 190
158	70	82: 191
159	90	43: 192
160	67	71: 193
161	47	59: 194
162	76	33: 195
163	11	100: 196
164	28	43: 197
165	42	3: 198
166	87	82: 199
167	88	18: 200
168	36	50: 201
169	38	36: 202
170	84	46: 203
171	84	79: 204
172	76	62: 205
173	77	82: 206
174	11	48: 207
175	77	30: 208
176	32	15: 209
177	55	28: 210
178	63	85: 211
179	38	56: 212
180	78	68: 213 214 215 216 217 218 219 220 221 222 223 224 225 226 227 228 229 230 231 232 233 234 235 236 237 238 239 240 241 242 243 244
181	100	62: 213
182	94	34: 214
183	15	87: 215
184	10	35: 216
185	75	52: 217
186	66	77: 218
187	53	86: 219
188	56	10: 220
189	66	62: 221
190	59	49: 222
191	75	50: 223
192	57	23: 224
193	98	5: 225
194	88	42: 226
195	10	96: 227
196	36	100: 228
197	59	44: 229
198	81	57: 230
199	49	84: 231
200	88	30: 232
201	32	59: 233
202	72	100: 234
203	93	51: 235
204	88	36: 236
205	63	5: 237
206	24	14: 238
207	25	26: 239
208	53	95: 240
209	59	88: 241
210	86	90: 242
211	16	74: 243
212	11	76: 244
213	38	98: 245 246 247 248 249 250 251 252 253 254 255 256 257 258 259 260 261 262 263 264 265 266 267 268 269 270 271 272 273 274 275
214	55	64: 245
215	97	7: 246
216	40	95: 247
217	83	41: 248
218	94	84: 249
219	38	70: 250
220	83	66: 251
221	81	86: 252
222	78	96: 253
223	74	65: 254
224	19	92: 255
225	53	46: 256
226	47	87: 257
227	39	45: 258
228	17	91: 259
229	31	52: 260
230	56	60: 261
231	36	62: 262
232	38	10: 263
233	72	46: 264
234	52	63: 265
235	31	3: 266
236	96	70: 267
237	72	74: 268
238	56	42: 269
239	31	43: 270
240	95	9: 271
241	43	39: 272
242	43	34: 273
243	12	65: 274
244	78	2: 275
245	77	41: 276 277 278 279 280 281 282 283 284 285 286 287 288 289 290 291 292 293 294 295 296 297 298 299 300 301 302 303 304 305
246	87	52: 276
247	97	36: 277
248	97	94: 278
249	97	49: 279
250	57	76: 280
251	91	2: 281
252	59	88: 282
253	91	19: 283
254	35	45: 284
255	70	85: 285
256	82	54: 286
257	85	7: 287
258	70	16: 288
259	95	9: 289
260	99	38: 290
261	27	51: 291
262	46	72: 292
263	73	7: 293
264	73	2: 294
265	42	87: 295
266	16	61: 296
267	83	73: 297
268	96	51: 298
269	58	41: 299
270	31	18: 300
271	11	20: 301
272	55	53: 302
273	31	79: 303
274	92	35: 304
275	76	33: 305
276	57	24: 306 307 308 309 310 311 312 313 314 315 316 317 318 319 320 321 322 323 324 325 326 327 328 329 330 331 332 333 334
277	10	70: 306
278	49	47: 307
279	65	96: 308
280	75	22: 309
281	88	90: 310
282	15	72: 311
283	19	9: 312
284	32	98: 313
285	13	93: 314
286	91	37: 315
287	67	60: 316
288	25	15: 317
289	70	49: 318
290	96	88: 319
291	73	20: 320
292	50	97: 321
293	68	23: 322
294	72	42: 323
295	77	17: 324
296	98	7: 325
297	52	61: 326
298	91	50: 327
299	40	34: 328
300	15	57: 329
301	88	63: 330
302	75	64: 331
303	10	31: 332
304	58	31: 333
305	82	36: 334
306	49	66: 335 336 337 338 339 340 341 342 343 344 345 346 347 348 349 350 351 352 353 354 355 356 357 358 359 360 361 362
307	94	10: 335
308	14	88: 336
309	60	41: 337
310	44	73: 338
311	100	48: 339
312	75	31: 340
313	36	93: 341
314	88	42: 342
315	58	42: 343
316	74	82: 344
317	93	95: 345
318	100	30: 346
319	100	55: 347
320	80	98: 348
321	85	42: 349
322	12	40: 350
323	99	91: 351
324	26	27: 352
325	51	24: 353
326	14	56: 354
327	11	24: 355
328	85	29: 356
329	17	22: 357
330	11	58: 358
331	22	19: 359
332	71	73: 360
333	12	100: 361
334	41	53: 362
335	85	80: 363 364 365 366 367 368 369 370 371 372 373 374 375 376 377 378 379 380 381 382 383 384 385 386 387 388 389
336	30	18: 363
337	76	75: 364
338	83	7: 365
339	27	99: 366
340	80	19: 367
341	72	33: 368
342	98	46: 369
343	19	17: 370
344	54	54: 371
345	74	75: 372
346	77	9: 373
347	79	11: 374
348	45	25: 375
349	55	69: 376
350	49	69: 377
351	20	8: 378
352	74	13: 379
353	74	64: 380
354	27	1: 381
355	20	54: 382
356	20	21: 383
357	26	32: 384
358	15	36: 385
359	53	100: 386
360	16	27: 387
361	93	31: 388
362	75	37: 389
363	29	32: 390 391 392 393 394 395 396 397 398 399 400 401 402 403 404 405 406 407 408 409 410 411 412 413 414 415
364	17	97: 390
365	37	33: 391
366	89	89: 392
367	64	41: 393
368	81	59: 394
369	73	72: 395
370	32	93: 396
371	59	7: 397
372	43	94: 398
373	39	27: 399
374	50	76: 400
375	52	62: 401
376	93	25: 402
377	33	77: 403
378	93	90: 404
379	26	2: 405
380	12	99: 406
381	10	73: 407
382	62	69: 408
383	44	36: 409
384	65	55: 410
385	65	99: 411
386	81	8: 412
387	72	93: 413
388	29	57: 414
389	23	79: 415
390	21	86: 416 417 418 419 420 421 422 423 424 425 426 427 428 429 430 431 432 433 434 435 436 437 438 439 440
391	88	94: 416
392	58	67: 417
393	100	63: 418
394	60	21: 419
395	26	34: 420
396	67	68: 421
397	22	8: 422
398	94	1: 423
399	12	98: 424
400	47	25: 425
401	45	64: 426
402	44	13: 427
403	63	17: 428
404	91	83: 429
405	79	4: 430
406	31	99: 431
407	82	8: 432
408	57	14: 433
409	19	73: 434
410	91	57: 435
411	86	65: 436
412	35	18: 437
413	83	31: 438
414	94	40: 439
415	46	21: 440
416	21	59: 441 442 443 444 445 446 447 448 449 450 451 452 453 454 455 456 457 458 459 460 461 462 463 464
417	86	28: 441
418	41	20: 442
419	82	49: 443
420	37	74: 444
421	29	98: 445
422	70	3: 446
423	83	74: 447
424	63	99: 448
425	59	42: 449
426	16	49: 450
427	87	36: 451
428	33	20: 452
429	32	59: 453
430	94	4: 454
431	80	71: 455
432	99	26: 456
433	35	28: 457
434	100	84: 458
435	80	32: 459
436	77	11: 460
437	46	82: 461
438	31	2: 462
439	64	32: 463
440	84	80: 464
441	12	1: 465 466 467 468 469 470 471 472 473 474 475 476 477 478 479 480 481 482 483 484 485 486 487
442	70	96: 465
443	54	49: 466
444	66	62: 467
445	25	67: 468
446	18	91: 469
447	93	36: 470
448	19	57: 471
449	66	19: 472
450	76	89: 473
451	81	39: 474
452	92	23: 475
453	42	14: 476
454	35	99: 477
455	23	69: 478
456	88	53: 479
457	68	22: 480
458	25	63: 481
459	93	57: 482
460	19	77: 483
461	41	38: 484
462	98	78: 485
463	86	71: 486
464	65	64: 487
465	67	16: 488 489 490 491 492 493 494 495 496 497 498 499 500 501 502 503 504 505 506 507 508 509
466	68	22: 488
467	18	60: 489
468	41	41: 490
469	97	53: 491
470	52	54: 492
471	39	47: 493
472	80	24: 494
473	28	28: 495
474	90	27: 496
475	99	20: 497
476	19	25: 498
477	40	95: 499
478	25	39: 500
479	60	3: 501
480	80	44: 502
481	27	85: 503
482	38	10: 504
483	27	56: 505
484	33	45: 506
485	99	38: 507
486	53	82: 508
487	36	66: 509
488	95	99: 510 511 512 513 514 515 516 517 518 519 520 521 522 523 524 525 526 527 528 529 530
489	95	3: 510
490	85	41: 511
491	36	54: 512
492	14	22: 513
493	43	84: 514
494	36	67: 515
495	56	17: 516
496	23	11: 517
497	73	88: 518
498	65	32: 519
499	20	54: 520
500	79	73: 521
501	16	71: 522
502	78	83: 523
503	68	96: 524
504	26	70: 525
505	77	25: 526
506	20	28: 527
507	100	90: 528
508	26	37: 529
509	56	17: 530
510	60	35: 531 532 533 534 535 536 537 538 539 540 541 542 543 544 545 546 547 548 549 550
511	84	44: 531
512	94	46: 532
513	13	56: 533
514	56	58: 534
515	35	14: 535
516	79	86: 536
517	87	79: 537
518	58	8: 538
519	77	90: 539
520	56	52: 540
521	69	63: 541
522	72	9: 542
523	55	94: 543
524	78	47: 544
525	68	73: 545
526	81	5: 546
527	63	15: 547
528	67	54: 548
529	40	11: 549
530	56	79: 550
531	50	60: 551 552 553 554 555 556 557 558 559 560 561 562 563 564 565 566 567 568 569
532	31	87: 551
533	40	4: 552
534	59	20: 553
535	61	55: 554
536	40	58: 555
537	47	18: 556
538	25	3: 557
539	43	24: 558
540	11	4: 559
541	17	33: 560
542	36	31: 561
543	53	87: 562
544	78	47: 563
545	24	3: 564
546	32	53: 565
547	44	90: 566
548	77	36: 567
549	23	97: 568
550	67	71: 569
551	20	58: 570 571 572 573 574 575 576 577 578 579 580 581 582 583 584 585 586 587
552	51	86: 570
553	30	53: 571
554	28	96: 572
555	98	20: 573
556	20	40: 574
557	35	90: 575
558	97	89: 576
559	43	98: 577
560	65	58: 578
561	11	32: 579
562	27	4: 580
563	93	93: 581
564	93	77: 582
565	44	71: 583
566	83	84: 584
567	80	73: 585
568	36	4: 586
569	92	53: 587
570	68	88: 588 589 590 591 592 593 594 595 596 597 598 599 600 601 602 603 604
571	97	60: 588
572	44	95: 589
573	13	83: 590
574	84	2: 591
575	85	70: 592
576	14	31: 593
577	35	69: 594
578	27	7: 595
579	23	9: 596
580	61	72: 597
581	100	94: 598
582	70	67: 599
583	68	96: 600
584	91	1: 601
585	16	71: 602
586	77	41: 603
587	12	93: 604
588	83	53: 605 606 607 608 609 610 611 612 613 614 615 616 617 618 619 620
589	31	89: 605
590	52	20: 606
591	96	55: 607
592	79	1: 608
593	45	48: 609
594	27	88: 610
595	65	30: 611
596	80	38: 612
597	78	57: 613
598	34	16: 614
599	78	84: 615
600	23	38: 616
601	15	96: 617
602	100	87: 618
603	31	86: 619
604	60	15: 620
605	29	4: 621 622 623 624 625 626 627 628 629 630 631 632 633 634 635
606	36	20: 621
607	48	58: 622
608	26	65: 623
609	38	64: 624
610	88	74: 625
611	71	25: 626
612	17	35: 627
613	10	78: 628
614	65	17: 629
615	10	55: 630
616	71	83: 631
617	11	42: 632
618	96	84: 633
619	38	32: 634
620	10	13: 635
621	48	69: 636 637 638 639 640 641 642 643 644 645 646 647 648 649
622	17	63: 636
623	35	54: 637
624	73	32: 638
625	49	69: 639
626	33	68: 640
627	14	30: 641
628	69	99: 642
629	82	53: 643
630	43	61: 644
631	31	49: 645
632	32	98: 646
633	63	77: 647
634	53	37: 648
635	30	62: 649
636	36	84: 650 651 652 653 654 655 656 657 658 659 660 661 662
637	55	90: 650
638	35	70: 651
639	78	67: 652
640	69	6: 653
641	25	30: 654
642	23	14: 655
643	36	25: 656
644	91	25: 657
645	85	26: 658
646	41	15: 659
647	12	23: 660
648	42	92: 661
649	10	99: 662
650	76	90: 663 664 665 666 667 668 669 670 671 672 673 674
651	76	24: 663
652	35	74: 664
653	80	99: 665
654	10	70: 666
655	80	99: 667
656	23	37: 668
657	36	70: 669
658	84	24: 670
659	58	44: 671
660	91	82: 672
661	76	61: 673
662	57	75: 674
663	53	86: 675 676 677 678 679 680 681 682 683 684 685
664	41	76: 675
665	15	23: 676
666	78	32: 677
667	54	21: 678
668	28	90: 679
669	12	96: 680
670	28	22: 681
671	29	30: 682
672	24	20: 683
673	99	38: 684
674	60	93: 685
675	84	45: 686 687 688 689 690 691 692 693 694 695
676	93	80: 686
677	99	54: 687
678	86	24: 688
679	44	56: 689
680	84	78: 690
681	23	61: 691
682	76	40: 692
683	51	73: 693
684	76	9: 694
685	93	65: 695
686	11	45: 696 697 698 699 700 701 702 703 704
687	100	85: 696
688	51	44: 697
689	74	60: 698
690	16	52: 699
691	66	19: 700
692	36	52: 701
693	20	72: 702
694	17	72: 703
695	29	90: 704
696	79	44: 705 706 707 708 709 710 711 712
697	22	38: 705
698	78	66: 706
699	85	13: 707
700	75	85: 708
701	21	77: 709
702	63	56: 710
703	23	8: 711
704	84	78: 712
705	93	100: 713 714 715 716 717 718 719
706	42	35: 713
707	55	96: 714
708	72	65: 715
709	12	86: 716
710	11	30: 717
711	48	75: 718
712	50	5: 719
713	91	6: 720 721 722 723 724 725
714	55	34: 720
715	54	37: 721
716	60	41: 722
717	33	94: 723
718	97	94: 724
719	22	13: 725
720	55	74: 726 727 728 729 730
721	56	55: 726
722	69	18: 727
723	45	96: 728
724	13	40: 729
725	71	98: 730
726	33	42: 731 732 733 734
727	35	27: 731
728	81	46: 732
729	60	57: 733
730	65	76: 734
731	41	11: 735 736 737
732	46	95: 735
733	44	71: 736
734	51	34: 737
735	47	80: 738 739
736	42	60: 738
737	51	40: 739
738	46	36: 740
739	83	58: 740
740	33	0:
