prog_id prog_time weight_1: child_1 ... child_n, ...
0	25	15: 27 29 24 34, 88: 28 32 31 35, 20: 30 38 36, 79: 23 25 22 37, 71: 20 26 33 21
1	41	84: 20
2	91	14: 21
3	47	84: 22
4	44	30: 23
5	16	79: 24
6	59	91: 25
7	46	85: 26
8	51	39: 27
9	42	3: 28
10	71	99: 29
11	76	12: 30
12	26	5: 31
13	54	76: 32
14	96	91: 33
15	61	11: 34
16	100	75: 35
17	90	88: 36
18	39	21: 37
19	44	47: 38
20	41	96: 40 53 56, 61: 54 50 39 45, 19: 42 43 52, 59: 55 41 51 48, 41: 49 47 44 46
21	33	3: 39
22	27	19: 40
23	45	82: 41
24	37	89: 42
25	88	21: 43
26	52	87: 44
27	46	10: 45
28	78	31: 46
29	62	30: 47
30	27	47: 48
31	40	39: 49
32	61	29: 50
33	97	75: 51
34	21	85: 52
35	67	53: 53
36	56	60: 54
37	74	31: 55
38	47	82: 56
39	56	51: 59 68 70, 100: 57 61 65, 96: 60 72 64 67, 28: 71 63 66 58, 76: 62 73 69
40	91	56: 57
41	58	21: 58
42	42	38: 59
43	39	64: 60
44	84	8: 61
45	80	97: 62
46	37	81: 63
47	42	82: 64
48	65	4: 65
49	41	29: 66
50	26	86: 67
51	63	73: 68
52	96	35: 69
53	44	31: 70
54	70	75: 71
55	79	35: 72
56	21	29: 73
57	51	17: 80 75 82 83, 34: 88 79 78 89, 77: 76 84 86 85, 49: 74 81 77 87
58	94	23: 74
59	19	77: 75
60	54	17: 76
61	71	90: 77
62	36	17: 78
63	81	79: 79
64	51	17: 80
65	45	2: 81
66	24	61: 82
67	29	25: 83
68	59	50: 84
69	42	16: 85
70	85	73: 86
71	80	45: 87
72	72	57: 88
73	40	52: 89
74	51	82: 100 98 91 90, 11: 101 97 103 93, 43: 92 104 102 95, 79: 99 94 96
75	82	3: 90
76	42	54: 91
77	57	8: 92
78	14	77: 93
79	99	81: 94
80	56	25: 95
81	98	23: 96
82	89	70: 97
83	54	43: 98
84	57	78: 99
85	92	6: 100
86	54	56: 101
87	19	90: 102
88	13	33: 103
89	82	47: 104
90	56	60: 115 109 107 106, 61: 105 113 111, 94: 112 108 117 110, 70: 114 118 116
91	74	79: 105
92	57	1: 106
93	72	81: 107
94	68	69: 108
95	52	77: 109
96	69	3: 110
97	73	19: 111
98	71	89: 112
99	89	99: 113
100	48	48: 114
101	95	17: 115
102	54	37: 116
103	22	11: 117
104	62	85: 118
105	25	28: 126 125 122 120, 87: 124 129 119, 89: 123 121 130, 52: 131 127 128
106	27	14: 119
107	95	15: 120
108	39	61: 121
109	67	21: 122
110	58	96: 123
111	29	3: 124
112	22	2: 125
113	21	13: 126
114	36	51: 127
115	84	39: 128
116	65	15: 129
117	72	20: 130
118	72	63: 131
119	34	65: 134 132 135, 39: 143 136 138, 70: 140 142 137, 10: 133 141 139
120	23	45: 132
121	57	91: 133
122	43	67: 134
123	25	26: 135
124	20	48: 136
125	80	33: 137
126	91	45: 138
127	83	87: 139
128	94	74: 140
129	87	10: 141
130	84	2: 142
131	20	24: 143
132	48	93: 154 151, 24: 152 144 153, 91: 149 145 150, 55: 148 146 147
133	76	53: 144
134	49	85: 145
135	85	93: 146
136	83	53: 147
137	70	19: 148
138	74	48: 149
139	22	41: 150
140	21	51: 151
141	93	12: 152
142	13	30: 153
143	63	85: 154
144	96	15: 164 159 162, 78: 160 163, 37: 155 156, 56: 158 157 161
145	67	92: 155
146	71	27: 156
147	18	26: 157
148	32	46: 158
149	37	17: 159
150	20	21: 160
151	89	34: 161
152	99	83: 162
153	37	64: 163
154	45	55: 164
155	75	14: 171 165 169, 59: 168 166 173, 16: 167 170 172
156	70	9: 165
157	76	91: 166
158	96	83: 167
159	95	42: 168
160	74	79: 169
161	79	23: 170
162	40	36: 171
163	89	56: 172
164	12	7: 173
165	97	27: 176 178 179, 87: 180 177, 49: 174 175 181
166	24	90: 174
167	21	59: 175
168	97	33: 176
169	14	40: 177
170	22	83: 178
171	70	92: 179
172	25	42: 180
173	73	74: 181
174	73	98: 182 183, 10: 184 186, 51: 185 187 188
175	44	77: 182
176	81	68: 183
177	14	83: 184
178	11	41: 185
179	21	62: 186
180	76	68: 187
181	80	90: 188
182	69	9: 189 194, 53: 190 192, 78: 191 193
183	58	67: 189
184	98	57: 190
185	57	56: 191
186	20	54: 192
187	10	38: 193
188	47	96: 194
189	74	99: 199 195, 85: 198 196, 51: 197
190	73	40: 195
191	18	62: 196
192	66	37: 197
193	85	90: 198
194	92	27: 199
195	39	96: 201 200, 24: 202 203
196	32	64: 200
197	35	95: 201
198	40	24: 202
199	24	83: 203
200	25	81: 204 205, 42: 206
201	85	88: 204
202	92	61: 205
203	60	39: 206
204	46	1: 208, 41: 207
205	20	70: 207
206	69	86: 208
207	20	49: 209
208	12	67: 209
209	44	0:
