prog_id prog_time weight_1: child_1 ... child_n, ...
0	60	22: 24 25 26 27 28 29 30 31 32 33 34 35 36 37 38 39 40 41 42 43 44 45 46
1	28	86: 24
2	29	13: 25
3	56	62: 26
4	87	26: 27
5	40	97: 28
6	55	57: 29
7	19	62: 30
8	69	59: 31
9	98	49: 32
10	39	67: 33
11	91	21: 34
12	37	2: 35
13	11	11: 36
14	98	62: 37
15	35	64: 38
16	34	56: 39
17	11	25: 40
18	80	48: 41
19	54	92: 42
20	77	8: 43
21	36	42: 44
22	57	74: 45
23	14	74: 46
24	19	55: 47 48 49 50 51 52 53 54 55 56 57 58 59 60 61 62 63 64 65 66 67 68
25	44	7: 47
26	72	37: 48
27	48	55: 49
28	91	56: 50
29	46	17: 51
30	71	55: 52
31	40	4: 53
32	42	48: 54
33	69	57: 55
34	19	50: 56
35	90	46: 57
36	49	84: 58
37	52	46: 59
38	61	10: 60
39	28	67: 61
40	90	94: 62
41	77	48: 63
42	17	71: 64
43	31	98: 65
44	14	16: 66
45	50	9: 67
46	27	38: 68
47	91	24: 69 70 71 72 73 74 75 76 77 78 79 80 81 82 83 84 85 86 87 88 89
48	92	17: 69
49	82	67: 70
50	26	9: 71
51	94	49: 72
52	28	89: 73
53	55	61: 74
54	32	39: 75
55	24	70: 76
56	37	88: 77
57	67	60: 78
58	48	19: 79
59	73	35: 80
60	58	84: 81
61	76	46: 82
62	90	3: 83
63	45	80: 84
64	70	36: 85
65	79	35: 86
66	67	34: 87
67	42	87: 88
68	76	37: 89
69	64	4: 90 91 92 93 94 95 96 97 98 99 100 101 102 103 104 105 106 107 108 109
70	72	77: 90
71	66	21: 91
72	55	58: 92
73	61	23: 93
74	21	48: 94
75	73	32: 95
76	62	51: 96
77	22	38: 97
78	85	98: 98
79	62	94: 99
80	63	50: 100
81	43	47: 101
82	36	42: 102
83	25	36: 103
84	44	27: 104
85	35	41: 105
86	42	47: 106
87	59	26: 107
88	99	12: 108
89	75	18: 109
90	83	92: 110 111 112 113 114 115 116 117 118 119 120 121 122 123 124 125 126 127 128
91	40	37: 110
92	25	51: 111
93	10	6: 112
94	50	26: 113
95	67	76: 114
96	80	58: 115
97	53	29: 116
98	53	12: 117
99	36	51: 118
100	10	33: 119
101	90	98: 120
102	69	27: 121
103	89	43: 122
104	77	99: 123
105	44	1: 124
106	70	81: 125
107	96	98: 126
108	62	92: 127
109	43	44: 128
110	97	100: 129 130 131 132 133 134 135 136 137 138 139 140 141 142 143 144 145 146
111	65	66: 129
112	83	56: 130
113	71	8: 131
114	92	88: 132
115	93	30: 133
116	88	26: 134
117	61	9: 135
118	72	78: 136
119	26	73: 137
120	93	44: 138
121	43	79: 139
122	15	62: 140
123	12	67: 141
124	55	57: 142
125	40	77: 143
126	63	70: 144
127	60	39: 145
128	68	18: 146
129	98	65: 147 148 149 150 151 152 153 154 155 156 157 158 159 160 161 162 163
130	48	58: 147
131	59	99: 148
132	38	61: 149
133	66	54: 150
134	41	21: 151
135	98	28: 152
136	50	88: 153
137	53	40: 154
138	55	64: 155
139	24	46: 156
140	41	30: 157
141	96	68: 158
142	42	80: 159
143	92	32: 160
144	98	35: 161
145	51	13: 162
146	74	41: 163
147	79	17: 164 165 166 167 168 169 170 171 172 173 174 175 176 177 178 179
148	64	15: 164
149	97	82: 165
150	75	56: 166
151	47	58: 167
152	74	1: 168
153	67	64: 169
154	56	22: 170
155	53	100: 171
156	75	28: 172
157	38	56: 173
158	60	60: 174
159	68	79: 175
160	92	59: 176
161	53	13: 177
162	47	100: 178
163	50	71: 179
164	14	28: 180 181 182 183 184 185 186 187 188 189 190 191 192 193 194
165	98	61: 180
166	20	3: 181
167	15	4: 182
168	48	37: 183
169	56	33: 184
170	30	51: 185
171	34	28: 186
172	17	76: 187
173	53	95: 188
174	72	2: 189
175	85	90: 190
176	40	33: 191
177	95	11: 192
178	27	28: 193
179	70	13: 194
180	80	82: 195 196 197 198 199 200 201 202 203 204 205 206 207 208
181	53	64: 195
182	25	85: 196
183	86	21: 197
184	13	60: 198
185	30	3: 199
186	96	88: 200
187	10	66: 201
188	38	52: 202
189	71	51: 203
190	62	82: 204
191	79	84: 205
192	88	6: 206
193	36	16: 207
194	22	65: 208
195	94	2: 209 210 211 212 213 214 215 216 217 218 219 220 221
196	88	24: 209
197	80	43: 210
198	73	24: 211
199	73	31: 212
200	90	65: 213
201	49	98: 214
202	78	17: 215
203	11	50: 216
204	48	50: 217
205	70	60: 218
206	74	77: 219
207	27	97: 220
208	93	88: 221
209	19	1: 222 223 224 225 226 227 228 229 230 231 232 233
210	68	45: 222
211	12	99: 223
212	98	4: 224
213	85	41: 225
214	81	14: 226
215	81	82: 227
216	13	69: 228
217	22	69: 229
218	14	60: 230
219	62	41: 231
220	61	30: 232
221	43	65: 233
222	28	97: 234 235 236 237 238 239 240 241 242 243 244
223	36	35: 234
224	54	35: 235
225	13	31: 236
226	88	70: 237
227	91	11: 238
228	37	63: 239
229	94	91: 240
230	19	58: 241
231	10	77: 242
232	67	7: 243
233	100	59: 244
234	81	87: 245 246 247 248 249 250 251 252 253 254
235	12	94: 245
236	88	21: 246
237	23	87: 247
238	17	26: 248
239	42	54: 249
240	99	85: 250
241	56	65: 251
242	74	1: 252
243	69	53: 253
244	17	99: 254
245	21	25: 255 256 257 258 259 260 261 262 263
246	50	82: 255
247	52	48: 256
248	18	61: 257
249	15	26: 258
250	34	49: 259
251	31	61: 260
252	46	2: 261
253	27	99: 262
254	94	28: 263
255	88	72: 264 265 266 267 268 269 270 271
256	58	62: 264
257	70	6: 265
258	46	84: 266
259	23	13: 267
260	78	89: 268
261	23	58: 269
262	10	18: 270
263	50	6: 271
264	72	53: 272 273 274 275 276 277 278
265	27	38: 272
266	29	63: 273
267	80	11: 274
268	73	63: 275
269	15	25: 276
270	51	94: 277
271	47	38: 278
272	94	69: 279 280 281 282 283 284
273	24	17: 279
274	24	17: 280
275	10	57: 281
276	72	63: 282
277	96	88: 283
278	65	76: 284
279	82	43: 285 286 287 288 289
280	23	92: 285
281	56	71: 286
282	82	28: 287
283	63	38: 288
284	51	92: 289
285	57	20: 290 291 292 293
286	74	29: 290
287	32	51: 291
288	67	33: 292
289	26	65: 293
290	53	48: 294 295 296
291	53	80: 294
292	72	12: 295
293	74	39: 296
294	40	66: 297 298
295	17	51: 297
296	37	54: 298
297	38	51: 299
298	42	85: 299
299	41	0:
