prog_id prog_time weight_1: child_1 ... child_n, ...
0	51	84: 19 22 26 21, 87: 25 24 31 32, 31: 27 29 28 20, 25: 23 18 30 17
1	56	10: 17
2	92	47: 18
3	51	76: 19
4	48	33: 20
5	97	96: 21
6	27	90: 22
7	99	81: 23
8	30	71: 24
9	90	70: 25
10	44	48: 26
11	59	20: 27
12	94	96: 28
13	49	81: 29
14	24	57: 30
15	88	16: 31
16	53	90: 32
17	36	93: 35 37 47 38, 27: 44 41 33 34, 44: 43 42 45, 87: 39 40 46 36
18	65	76: 33
19	79	8: 34
20	71	20: 35
21	71	16: 36
22	13	27: 37
23	68	33: 38
24	45	68: 39
25	98	38: 40
26	99	47: 41
27	79	71: 42
28	43	95: 43
29	76	81: 44
30	46	5: 45
31	94	79: 46
32	80	83: 47
33	75	87: 55 52 53 58, 73: 48 54 59, 89: 51 49 61, 69: 56 60 57 50
34	75	28: 48
35	28	81: 49
36	67	83: 50
37	49	52: 51
38	74	37: 52
39	47	33: 53
40	57	60: 54
41	30	88: 55
42	21	31: 56
43	73	80: 57
44	52	96: 58
45	84	75: 59
46	25	41: 60
47	13	15: 61
48	65	75: 68 72 67 64, 48: 71 62 69, 59: 63 66 70, 24: 73 74 65
49	58	62: 62
50	69	4: 63
51	94	43: 64
52	86	48: 65
53	42	67: 66
54	51	63: 67
55	33	20: 68
56	98	49: 69
57	34	89: 70
58	16	85: 71
59	94	36: 72
60	83	54: 73
61	10	63: 74
62	72	82: 75 80 85, 49: 77 81 86, 46: 83 78 76, 100: 79 82 84
63	34	33: 75
64	79	81: 76
65	10	72: 77
66	56	99: 78
67	59	89: 79
68	66	1: 80
69	13	15: 81
70	43	49: 82
71	26	78: 83
72	44	37: 84
73	52	16: 85
74	53	3: 86
75	86	68: 90 96, 30: 91 95 97, 3: 87 92 94, 2: 88 89 93
76	38	80: 87
77	90	35: 88
78	79	32: 89
79	87	60: 90
80	82	30: 91
81	27	98: 92
82	77	76: 93
83	100	27: 94
84	29	69: 95
85	76	97: 96
86	13	50: 97
87	31	40: 106 100 107, 48: 103 105, 83: 104 102, 88: 99 101 98
88	25	28: 98
89	41	38: 99
90	53	74: 100
91	16	58: 101
92	94	87: 102
93	100	76: 103
94	29	69: 104
95	22	21: 105
96	86	83: 106
97	25	36: 107
98	57	46: 110 108 111, 83: 114 109 116, 55: 112 115 113
99	56	14: 108
100	54	66: 109
101	68	88: 110
102	24	55: 111
103	82	16: 112
104	78	43: 113
105	33	100: 114
106	54	76: 115
107	99	58: 116
108	12	81: 124 119 118, 10: 122 121, 3: 117 120 123
109	47	72: 117
110	27	32: 118
111	33	55: 119
112	20	3: 120
113	43	89: 121
114	62	11: 122
115	29	40: 123
116	50	24: 124
117	64	80: 126 127, 37: 130 125 131, 33: 128 129
118	63	89: 125
119	48	65: 126
120	80	30: 127
121	48	94: 128
122	95	36: 129
123	11	87: 130
124	32	38: 131
125	24	15: 132 134, 88: 136 135, 29: 133 137
126	22	21: 132
127	35	38: 133
128	68	31: 134
129	68	87: 135
130	75	87: 136
131	19	50: 137
132	43	16: 140, 55: 141 138, 83: 142 139
133	57	12: 138
134	32	29: 139
135	51	93: 140
136	41	78: 141
137	63	74: 142
138	99	22: 144 145, 74: 146 143
139	96	88: 143
140	89	17: 144
141	21	47: 145
142	76	8: 146
143	77	83: 148, 33: 147 149
144	14	79: 147
145	83	62: 148
146	34	74: 149
147	38	78: 151, 36: 150
148	30	50: 150
149	96	96: 151
150	90	42: 152
151	33	73: 152
152	82	0:
