prog_id prog_time weight_1: child_1 ... child_n, ...
0	51	73: 17 18 19 20 21 22 23 24 25 26 27 28 29 30 31 32
1	56	48: 17
2	92	89: 18
3	51	99: 19
4	48	33: 20
5	97	71: 21
6	27	73: 22
7	99	9: 23
8	30	52: 24
9	90	71: 25
10	44	28: 26
11	59	78: 27
12	94	36: 28
13	49	87: 29
14	24	17: 30
15	88	41: 31
16	53	68: 32
17	36	96: 33 34 35 36 37 38 39 40 41 42 43 44 45 46 47
18	65	71: 33
19	79	47: 34
20	71	63: 35
21	71	87: 36
22	13	3: 37
23	68	68: 38
24	45	7: 39
25	98	62: 40
26	99	69: 41
27	79	15: 42
28	43	40: 43
29	76	76: 44
30	46	78: 45
31	94	62: 46
32	80	52: 47
33	75	52: 48 49 50 51 52 53 54 55 56 57 58 59 60 61
34	75	61: 48
35	28	42: 49
36	67	76: 50
37	49	73: 51
38	74	99: 52
39	47	4: 53
40	57	60: 54
41	30	26: 55
42	21	6: 56
43	73	67: 57
44	52	38: 58
45	84	90: 59
46	25	47: 60
47	13	75: 61
48	65	71: 62 63 64 65 66 67 68 69 70 71 72 73 74
49	58	77: 62
50	69	24: 63
51	94	70: 64
52	86	2: 65
53	42	86: 66
54	51	33: 67
55	33	12: 68
56	98	40: 69
57	34	54: 70
58	16	47: 71
59	94	71: 72
60	83	96: 73
61	10	40: 74
62	72	66: 75 76 77 78 79 80 81 82 83 84 85 86
63	34	19: 75
64	79	29: 76
65	10	24: 77
66	56	88: 78
67	59	32: 79
68	66	89: 80
69	13	12: 81
70	43	72: 82
71	26	17: 83
72	44	99: 84
73	52	10: 85
74	53	69: 86
75	86	98: 87 88 89 90 91 92 93 94 95 96 97
76	38	16: 87
77	90	4: 88
78	79	58: 89
79	87	61: 90
80	82	41: 91
81	27	90: 92
82	77	21: 93
83	100	41: 94
84	29	29: 95
85	76	19: 96
86	13	53: 97
87	31	32: 98 99 100 101 102 103 104 105 106 107
88	25	31: 98
89	41	75: 99
90	53	79: 100
91	16	73: 101
92	94	83: 102
93	100	19: 103
94	29	81: 104
95	22	74: 105
96	86	94: 106
97	25	22: 107
98	57	56: 108 109 110 111 112 113 114 115 116
99	56	15: 108
100	54	17: 109
101	68	84: 110
102	24	27: 111
103	82	31: 112
104	78	5: 113
105	33	13: 114
106	54	78: 115
107	99	7: 116
108	12	21: 117 118 119 120 121 122 123 124
109	47	57: 117
110	27	52: 118
111	33	41: 119
112	20	30: 120
113	43	9: 121
114	62	15: 122
115	29	49: 123
116	50	52: 124
117	64	26: 125 126 127 128 129 130 131
118	63	21: 125
119	48	82: 126
120	80	74: 127
121	48	41: 128
122	95	100: 129
123	11	19: 130
124	32	92: 131
125	24	11: 132 133 134 135 136 137
126	22	92: 132
127	35	83: 133
128	68	34: 134
129	68	72: 135
130	75	15: 136
131	19	44: 137
132	43	97: 138 139 140 141 142
133	57	71: 138
134	32	23: 139
135	51	69: 140
136	41	45: 141
137	63	99: 142
138	99	27: 143 144 145 146
139	96	54: 143
140	89	87: 144
141	21	8: 145
142	76	54: 146
143	77	62: 147 148 149
144	14	43: 147
145	83	80: 148
146	34	66: 149
147	38	87: 150 151
148	30	89: 150
149	96	67: 151
150	90	30: 152
151	33	50: 152
152	82	0:
