prog_id prog_time weight_1: child_1 ... child_n, ...
1	47	35: 32 38 39 41 51 52
2	84	46: 37 40 41 41 43 46 47 54 57
3	18	68: 33 42 43 46 47 57
4	31	89: 34 36 43 44 45 46 51 55 57
5	26	29: 34 38 39 45 46 51 54
6	59	25: 41 44 45 50 53 59
7	83	99: 32 42 43 47 49 50 53
8	15	40: 32 35 37 43 47 51 53 58
9	53	69: 32 34 37 43 47 48 50 51 52 54 55 56 58 59 60
10	29	25: 34 36 39 45 50 51 53 55 57
11	45	51: 32 35 39 41 45 55
12	53	45: 42 43 46 55
13	33	8: 33 41 43 45 47 49 56
14	26	46: 34 36 37 38 43 46 51 52 57 59
15	32	10: 34 38 43 47 50 57 58
16	57	68: 43 47 55 57
17	71	28: 34 36 39 41 43 47 51 56
18	61	75: 32 34 36 37 39 44 49
19	22	9: 34 37 45 47 50 58
20	60	29: 34 41 43 45 46 49
21	52	31: 37 39 41 45 49 51 55 57
22	42	32: 37 38 41 45 51 51 52 57
23	76	66: 37 38 41 49 52 53 55
24	52	8: 37 47 49 53 57 59 60
25	11	73: 45 55 59
26	92	29: 32 36 37 39 43 45 48 49 55 60
27	50	95: 33 36 41 43 46 57 60
28	55	61: 36 41 46 52 57 59
29	63	11: 34 36 39 45 50 52 57
30	99	96: 36 41 50 51 58
31	87	48: 36 41 44 51 53 55 60
32	26	99: 65 70 71 72 73 75 79 80 83 84 88
33	25	64: 62 64 65 68 73 78 80 83 84 84 86 88
34	25	36: 65 68 71 78 83 84 88
35	29	19: 67 71 71 72 74 79 80 81 86 88
36	98	81: 65 67 74 81
37	79	89: 61 65 73 78 79 80
38	16	64: 61 64 66 71 79 82 85 87
39	51	98: 64 66 68 80 81 83 85 88
40	72	9: 64 66 68 79 80 88
41	41	27: 65 74 79 84 86 88
42	38	55: 64 68 74 80 84 86
43	15	12: 61 66 68 70 78 80 84 85 86
44	73	19: 61 68 68 72 78 79 80 81 84 86
45	19	22: 64 70 72 74 78 85 87
46	15	37: 66 67 70 71 72 73 84
47	63	51: 63 64 66 67 73 78 80 81 83
48	77	66: 61 66 69 73 76 78 80 81 83 88
49	18	34: 63 64 72 74 79 83 87
50	14	93: 67 71 72 73 81 83
51	40	97: 64 66 69 72 73 74 75 79 80 84 86 88
52	30	81: 64 66 67 74 75 83 84 85 86 88
53	18	65: 66 66 70 72 81 85 86
54	47	48: 61 65 66 72 74 81 82 86
55	51	76: 68 69 70 77 79 80 86 88
56	10	44: 61 63 66 68 79
57	84	90: 64 70 79 88
58	65	75: 64 67 71 82 86
59	26	66: 66 67 68 71 72 74 83 84 88
60	99	50: 68 69 70 71 72 79 80 83 84 88
61	21	4: 90 91 96 96 100 103 107 109 117 118
62	83	43: 89 101 105 106 108 109 114 116 117
63	41	23: 93 105 117
64	10	51: 97 100 101 107 112 117
65	60	31: 99 101 103 109 111 112 113 114 117
66	62	23: 89 92 101 103 106 107 111 118
67	28	67: 89 96 107 108
68	71	18: 89 99 103 108 111
69	46	33: 92 94 96 97 100 107 108 116 117
70	80	60: 89 106 108 114 116 118
71	26	86: 89 94 100 106 109 114
72	43	84: 89 91 99 102 106 118
73	58	9: 96 99 101 107 110 112 115 118
74	70	72: 96 101 107 109 110 112 114 115
75	66	33: 90 96 99 100 104 107 109 112 114
76	92	49: 90 98 103 109 112 114 117
77	51	12: 89 91 106 107 109 112 115 116
78	39	69: 90 91 92 96 97 98 108 116 118
79	52	60: 90 91 94 96 101 102 106 109 112 114 116
80	44	33: 91 94 95 99 109 111 117
81	23	31: 90 91 99 103 110
82	26	24: 90 103 108 109
83	29	74: 90 95 96 101 102 107 108 110 112 113 114 118
84	53	73: 92 95 96 99 106 108 111 112 116
85	57	50: 97 101 102 107 109 113
86	66	90: 89 96 99 103 110 112 117 118
87	73	64: 91 96 97 101 103 107 112 118
88	62	20: 89 90 91 96 97 103 118
89	12	50: 119 128 131 136 141 144 149 151
90	49	40: 123 125 128 129 135 139 140 141 144 149 151
91	21	54: 120 136 138 140 144 145 147 148 150
92	87	35: 125 128 131 140 142 145 151
93	92	100: 120 125 128 130 137 143 145
94	79	26: 125 125 126 128 130 139 142 143 148
95	100	42: 119 124 125 126 130 138 139 141 142 144
96	36	9: 120 122 123 125 131 136 137 144 151
97	42	77: 121 126 131 135 143 147
98	56	66: 126 128 131 136 137 140 142 147
99	51	17: 124 129 130 131 134 137 138 143 145 147 149 150 151
100	27	25: 119 125 126 128 130 131 133 136 137 140 148
101	17	6: 119 120 125 129 130 132 135 136 141
102	85	35: 119 120 122 125 128 138 139
103	36	94: 119 120 125 128 129 130 131 136 137 144
104	83	74: 119 125 125 126 131 135 136 138 139 143 144 147 150
105	92	57: 124 130 136 139 141 142 144 146 147
106	50	93: 119 120 123 124 130 136 139 140 143 144 145 147
107	75	84: 120 123 124 126 131 143 149
108	71	21: 120 122 123 126 131 135 136 143 150
109	67	45: 120 124 129 132 135 136 137 138 149
110	28	37: 120 126 129 136 137 140 141 149 150
111	10	45: 120 122 130 135 136 137 138 141 142 148
112	41	42: 119 120 125 126 127 128 131 140 141 144
113	32	82: 119 121 123 124 125 126 129 130 140 144 146 149
114	13	31: 119 126 130 131 137 145 147
115	11	42: 119 122 131 142 143 145 147 149
116	30	99: 120 122 129 133 139 140 141 142 145 148 149 151
117	84	89: 120 128 135 137 140 148 149 151
118	36	81: 128 136 137 139 143 144 149 151
119	13	51: 155 157 159 169 171 175 178 182 183
120	40	46: 153 155 157 167 172 176 178 182
121	57	43: 153 155 156 163 166 167 172 176 182 183
122	31	44: 163 164 165 166 167 171 173 174 176 179 180 183
123	17	63: 160 162 171 173 179 183
124	22	11: 158 169 171 172 174 175 178 179 181
125	48	73: 159 163 166 167 171 172 175 178 179 182
126	39	52: 152 156 165 170 175 179 182 183
127	64	31: 156 159 170 174 175 182
128	64	32: 156 158 159 167 170 171 175 178 179 182
129	73	86: 152 154 156 157 160 165 172 173 175 178 179 182
130	53	9: 156 162 166 169 170 172 174 176 178 178 181 182
131	21	44: 156 157 159 162 169 175 178 181 182
132	21	5: 156 157 159 169 169 175 176 178 181
133	85	36: 159 160 169 174 176 179 183
134	99	65: 159 169 170 171 173 176 178 179 181
135	89	3: 153 157 158 159 168 170 172 176 177 179 181
136	94	43: 156 157 159 162 166 168 174 175 176
137	32	4: 154 155 156 157 168 176
138	47	37: 156 158 167 175 176 178 183
139	87	3: 156 157 159 163 167 175 177
140	24	37: 156 157 165 167 168 176 182
141	25	79: 153 162 163 167 172 174
142	79	24: 156 157 158 159 164 166 168 169 173 177 183
143	13	70: 157 157 159 163 169 172 174 182 183
144	59	9: 153 154 166 167 172 174 175 178 181 182 183
145	51	67: 153 155 159 162 171 172 175 176 179
146	20	95: 152 161 166 167 168 169 175 178 182 183
147	64	2: 158 159 166 168 172 176 179 183
148	21	20: 152 156 158 177 179 182 183
149	85	36: 156 157 166 170 177 182 183
150	25	17: 154 160 162 168 169 174 175 176 178
151	73	68: 153 157 160 167 169 170 174 175 176
152	82	10: 185 193 198 199 207 209
153	58	29: 185 193 196 201 209
154	70	16: 190 197 198 199 202 205 209
155	53	67: 191 192 193 202 203 207
156	87	12: 184 191 196 207 209
157	49	5: 185 188 191 194 207 208 209
158	28	84: 188 192 194 196 197 200 202 205 209 211
159	68	15: 191 194 194 198 201 203 207
160	93	71: 184 189 190 194 196 198 200 204 208 210
161	72	31: 191 196 199 202
162	71	68: 191 196 200 207 208 209
163	55	32: 185 188 193 194 196 197 198 207
164	73	5: 186 188 190 194 202 203 207 211
165	84	70: 187 193 194 198 199 200 205 206 210
166	15	70: 193 194 198 199 209
167	17	57: 184 189 193 202 204 209
168	31	61: 185 189 191 193 194 196 201 202 209 210
169	10	37: 190 193 194 197 199 201 202 207
170	35	2: 185 190 194 197 199 202 207 209 210
171	31	53: 198 199
172	10	85: 185 192 193 198 201 203 205 209
173	41	25: 185 193 198 201 202 205
174	14	44: 185 193 198 201 202
175	70	99: 185 187 189 194 199 201 202 205 206 210
176	32	75: 188 189 194 201 202 205 207 209 210
177	100	94: 184 186 190 191 199 201 202 204 207
178	42	24: 191 194 195 196 201 207 209
179	11	84: 185 194 196 197 198 199 201 202 210 211
180	67	72: 184 185 193 198 200 201 205 210
181	71	54: 190 199 200 205
182	84	82: 196 200 205 209 211
183	10	82: 197 199 207 210
184	78	4: 214 221 224 227 236
185	33	39: 228 232 233 235 236 238
186	62	96: 213 218 224 233 235 238
187	98	87: 224 227 230 237 238 238
188	93	99: 218 220 224 226 231 232 235
189	32	19: 220 227 228 231 232
190	22	83: 216 220 221 222 224 228 232 238 239
191	41	90: 216 221 222 228 240
192	28	12: 214 216 217 219 224 226 228 230 238
193	20	52: 212 214 216 220 226 228 228 230 238
194	93	96: 213 214 215 218 226 228 231 238 238
195	60	35: 216 217 221 236 238
196	91	81: 216 217 221 222 225 226
197	26	71: 213 215 221 222 226 231 235 239
198	45	69: 212 213 215 220 222 227 228 229 235 236 239
199	61	11: 212 215 220 221 227 227 229 230 231 234 235
200	80	84: 212 213 214 216 220 222 226 227 228 230 231
201	72	27: 213 222 224 228 230 231
202	46	40: 212 213 216 222 225 227 232 236 237
203	73	61: 212 215 221 222 227 227 230 234 236 237
204	32	91: 213 217 223 224 227 229 235
205	57	36: 212 213 217 221 223 225 227 231 235 240
206	71	40: 212 213 217 218 220 221 226 227 231 232 233 235 236 237 238 240
207	58	67: 212 220 221 224 226 229 231 232 234
208	57	98: 213 222 224 225 231 235 239
209	12	16: 213 216 222 224 226 231 232 235 240
210	95	26: 212 216 221 222 226 230 235 238
211	23	18: 214 216 220 222 224 225 226 231 233 235 239
212	22	14: 247 251 253 254 256 262
213	16	60: 243 250 251 254 256 257 262 263 268 270
214	14	59: 243 244 246 247 249 251 252 257 263 267
215	83	98: 241 244 245 246 247 251 253 259 263 264 270
216	11	28: 242 243 244 253 254 263 266 271 272
217	49	40: 245 249 251 253 254 258 261 271 272
218	71	94: 241 247 250 252 253 254 258 264 272
219	65	85: 241 246 251 260 264
220	55	59: 243 246 249 251
221	93	32: 245 251 256 259 263 270
222	92	69: 241 243 250 251 252 253 258 261 263 270 271
223	72	47: 241 243 247 253 256 260 261 262 265 269 271
224	91	82: 241 242 245 247 250 253 254 257 258 260 269 270
225	96	2: 241 244 245 247 250 259
226	84	47: 244 245 246 247 251 252 256 258 260 270 271 272
227	87	88: 241 247 251 256 257 259 260 262 265 267 272
228	51	30: 249 253 254 255 260 263 264 270
229	60	95: 241 245 246 249 254 257 260 263 271 272
230	52	65: 244 253 254 255 256 257 258 259 262 263
231	32	65: 243 246 247 251 253 254 257 258 259 260 262 263 270 272
232	98	52: 241 242 243 246 254 257 259 260 262 263 264 270 271 272
233	34	12: 242 247 251 253 254 255 256 257 263 263 267 270 271
234	71	57: 248 254 258 260 263 270 271
235	94	69: 242 246 249 264 266 271
236	20	87: 241 246 250 258 264 271
237	14	64: 243 245 257 258 260
238	77	15: 241 247 257 259 260 262 267
239	75	84: 243 244 246 247 253 255 256 257 258 260 266
240	92	13: 241 244 247 253 254 258 260 264 271
241	19	56: 273 274 278 282 286 290 292 296 299
242	43	27: 273 274 282 283 284 286 292 293 295 296 300 302
243	50	46: 274 286 288 294 296 298 303
244	17	79: 282 284 286 292 296 301
245	97	38: 279 302
246	24	61: 273 279 289 293 294 296 298
247	32	12: 273 279 284 289 293 294
248	48	10: 279 280 282 289 290 300
249	77	98: 274 279 289 289 290 295 298 301
250	91	32: 277 284 286 287 289 291 292 294 295 301 302
251	52	42: 277 281 284 286 289 290 291 293 295 297 300 301 302
252	29	54: 274 276 282 290 292 295 298 299
253	57	86: 274 275 289 292 295
254	73	9: 275 277 279 289 295 296
255	21	39: 274 295
256	68	74: 279 286 298
257	53	77: 274 275 281 286 287 290 294 296 298
258	74	46: 278 281 282 285 290 292 296 302
259	100	93: 274 278 281 284 294 295 301
260	33	68: 279 282 284 290 294 295 298 301
261	53	39: 285 286 292 294 298 301
262	79	99: 273 274 276 290 292 293 297 298 301
263	70	23: 274 279 281 284 287 290 293 295 297 298 301
264	40	11: 274 277 279 284 285 287 292 293 294 295 297 298
265	45	92: 284 293 295 297 298 300
266	12	11: 277 279 281 282 283 284 292 293 296 298 300 303
267	87	47: 273 274 275 277 281 285 290 296 300
268	72	46: 273 277 286 289 290 293 294 298 300 303
269	17	98: 277 286 287 290 292 293 298 298 300 302
270	29	57: 273 274 279 282 289 292 294 295 296 301
271	87	100: 274 276 286 292 293 297 299 301
272	40	72: 274 279 286 290 292 294 296 299 301
273	76	84: 309 311 312 313 322 333
274	30	11: 307 309 310 311 313 315 319 322 334
275	61	20: 306 309 311 311 312 318 322 327
276	83	54: 307 309 315 316 321 322 325 331 333
277	54	91: 310 314 316 322 323 330 333
278	16	43: 306 312 315 317 318 324 329 333
279	89	94: 307 312 331
280	62	84: 307 312 318 319 328
281	14	43: 309 310 312 322 325 332
282	35	31: 304 307 311 312 319 324 328 329 332 334
283	14	74: 308 309 312 325 331
284	86	7: 309 310 311 312 319 324 326 328 332
285	20	72: 309 311 312 314 319 321 323 332
286	65	96: 310 313 322 323 324 329
287	76	93: 310 315 320 323 332 334
288	39	29: 306 315 319 323 327 331 333 334
289	67	23: 307 308 310 323 327 331 334
290	63	62: 308 309 310 312 321 325 327 329 331 332
291	38	60: 305 307 308 311 315 316 319 321 325 328 329 332 334
292	68	74: 315 319 325 326 329 332 333
293	62	52: 304 307 312 315 318 319 329 330 333 334
294	13	18: 307 308 319 320 321 323 326 327 329 331
295	94	6: 306 307 320 322 325 329 332 333
296	31	17: 304 306 307 308 310 312 323 327 331 332
297	67	17: 304 306 307 309 311 312 318 322
298	62	9: 313 325
299	87	36: 304 308 310 313 317 318 323 324 325 329 333 334
300	50	43: 304 310 311 314 318 319 323 325 327 329 332 334
301	47	18: 304 308 310 311 313 315 318 319 327 328 333 334
302	82	30: 310 311 319 325 327 333
303	24	38: 304 308 313 317 319 325 327 331 332
304	35	89: 335 336 339 344 349 353 354 356 361 366 367
305	86	98: 341 344 350 353 354 357 358 359
306	58	83: 336 339 341 344 350 352 354 356 358 366 367
307	77	92: 336 339 342 344 347 348 360
308	60	26: 339 342 342 344 348 348 349 360
309	52	42: 339 341 344 347 348 349 355 356 362 365 366
310	39	62: 340 343 349 350 356 357 363 365
311	68	87: 337 344 348 350 356 361 363
312	86	95: 341 342 343 348 356 359 360 367
313	98	23: 339 341 344 345 348 351 354 357 358 359 361 367
314	78	100: 348 351 354 356 358 359 360 367
315	38	85: 336 341 342 344 348 349 351 354 361 365
316	55	67: 336 347 358 359
317	89	12: 344 352 356 360 367
318	91	1: 341 348 356 360 361
319	30	63: 336 339 341 342 346 348 351 353 363
320	70	37: 339 346 351 353 357 359 361 363 367
321	81	41: 342 346 356 358 359 359 366 367
322	50	27: 348 349 356 357 362 363
323	33	16: 337 349 351 357 358 366
324	45	29: 336 339 346 354 355 358 359
325	91	30: 336 337 341 342 346 348 350 353 354 356 359 365
326	41	30: 341 342 344 347 350 353 354 356 358 365
327	31	46: 341 342 343 344 347 348 352 354 356 357 358 361
328	30	44: 336 339 342 347 357 358 359 365
329	64	28: 337 339 342 343 344 349 353 354 357 359 361 365
330	67	83: 336 338 342 353 354 359 361 367
331	94	26: 336 337 343 344 346 349 350 353 354 358 360 362 364 367
332	45	57: 341 344 346 347 349 354 357 360
333	73	15: 339 344 350 353 354 355 366
334	97	97: 339 342 349 350 353 354 358 365 366 367
335	99	38: 370 384 393 395 396
336	67	90: 379 388 396
337	44	63: 379 383 385 387 389
338	11	6: 372 377 384 391
339	67	46: 375 378 380 381 385 388 390 393
340	19	98: 369 370 373 382 387 389
341	23	10: 373 375 386 388 392
342	97	40: 380 388 390 393
343	79	39: 375 377 378 379 383 387 388 390
344	94	37: 377 390 393 394 396
345	41	36: 372 373 374 377 386 388 390 393
346	71	86: 369 372 386 387 393
347	87	27: 376 384 386 387 388 390
348	87	63: 370 375 377 384 385 387 388 391 396
349	49	10: 375 375 380 381 386
350	68	67: 368 369 379 384 388 390 393
351	43	51: 370 375 378 379 382 385 387 389
352	39	9: 375 382 384
353	18	84: 369 373 375 378 382
354	59	7: 375 381 387 391 393 396
355	21	24: 369 376 377 379 388 393 395
356	15	53: 371 372 381 385 388 393 396
357	45	90: 368 372 375 387 388
358	27	58: 370 374 379 383 385 387 390 393
359	28	79: 375 378 383 385 387 387 392 393 396
360	62	51: 369 370 374 375 380 381 386 387 391 392 393 396
361	56	42: 388 390
362	56	41: 369 375 378 380 386 391 393
363	28	7: 369 370 374 378 382 385 387 388 391
364	33	71: 369 370 382 388 389
365	13	46: 379 383 387 396
366	49	41: 377 378 379 384 389 393 394 396
367	37	22: 372 375 381 385 387 390 393 395
368	87	16: 397 402 407 411 413 415 417 418 425 426
369	31	5: 397 401 403 404 405 411 412 413 415 423 426
370	99	76: 397 405 407 412 418 419 420 422
371	68	40: 400 403 407 409 413 417 419 420 422
372	67	5: 398 403 404 405 406 407 411 415 419 425 426
373	22	75: 397 398 399 400 401 407 415 422 423
374	88	85: 398 405 406 407 409 410 413 415 417 418 422
375	30	9: 397 398 403 407 410 413 415 418 425
376	43	1: 398 399 404 406 409 417 418 423
377	11	65: 398 399 405 409 409 411 412 416 426
378	17	61: 398 399 403 404 406 409 420 422 423 425 426
379	10	3: 398 399 406 409 412 415 419 422 423 425 426
380	80	46: 399 406 407 409 411 412 413 417 418 422 425
381	71	63: 398 403 407 416 420 422 424 425 426
382	32	98: 400 408 411 416 418 424 426
383	44	57: 399 401 404 406 416 418 426
384	27	35: 397 401 403 409 411 415 426
385	45	91: 400 408 409 411 426
386	71	47: 397 403 408 417 420
387	72	66: 397 401 404 406 407 411 413 423 425
388	53	3: 397 398 404 416 418 420 425
389	26	28: 398 399 406 407 409 413 418 420 421 423 425
390	46	5: 398 403 404 406 408 409 414 418 420 423 425 426
391	14	63: 398 400 404 409 413 418 419 420 420 422 424
392	21	83: 397 398 403 404 409 415 416 419 422 422
393	30	36: 400 401 403 404 407 409 414 416 420 422 423 426
394	73	22: 399 403 406 410 419 420 426
395	93	55: 397 401 412 413 416 420 422 425
396	87	92: 399 403 405 410 411 413 418 420 422
397	69	35: 428 431 435 436 437 441 442 443 445 447 449 450 453 454
398	24	50: 427 429 430 431 432 434 437 438 441 442 448 453
399	17	44: 428 431 437 438 442 443 444 447 448 449 450 451 456 457
400	38	85: 430 436 437 441 443 444 447 448 450 451 452 453 456
401	87	23: 428 438 447 450 451
402	87	93: 428 429 430 432 434 441 444 446 447 450 453 457
403	82	99: 429 430 433 434 438 441 442 444 450 450 453 454
404	25	46: 431 433 434 449 450 455
405	51	37: 430 431 433 434 436 444 449 454 456
406	71	30: 430 431 434 436 437 439 443 451 453 457
407	74	32: 429 431 433 434 436 437 447 448 451 453 454 456 457
408	87	3: 428 436 447 450 451
409	85	6: 428 430 436 438 447 450 451
410	20	59: 428 430 432 437 438 441 449 453
411	92	72: 428 431 437 437 441 444 448 449 453 456
412	47	19: 429 430 437 447 449
413	15	41: 428 432 435 436 437 441 445 451 454 456
414	61	4: 429 432 436 441 443 448
415	55	57: 428 429 432 438 441 442 447
416	19	17: 427 435 436 438 442 444 445 453
417	19	57: 430 431 432 437 438 439 441 444 449 456
418	92	65: 428 429 430 441 444 446 450 451 453 454
419	43	55: 430 431 435 436 438 442 443 444 446 447 454 455
420	49	29: 428 429 430 431 437 442 448 454 456 458
421	19	29: 429 430 430 431 432 433 435 437 450 453 454 456
422	74	47: 429 432 435 437 443 445 447 448 450 454 454 456
423	42	87: 429 433 438 440 441 446 450 451 453 454
424	22	93: 428 438 438 442 448 454 456 457
425	76	25: 428 429 433 438 441 444 447 448 449 454 456
426	32	24: 429 431 433 436 441 442 443 445 448 449 450 453 457
427	55	75: 460 464 465 470 477
428	67	29: 463 464 466 471 474 477
429	22	19: 464 465 468 471 472 473 476 483
430	59	94: 462 464 466 468 469 471 475 477 481 483 484 487
431	89	25: 461 462 463 466 472 474 475 482 484
432	64	47: 461 462 471 475 484
433	47	60: 460 461 462 467 472 474 476 482 484 485 486 488
434	100	3: 462 463 467 476 485 486
435	45	13: 463 464 465 469 470 474 475 476 486 487
436	14	5: 460 464 466 468 471 474 476 478
437	56	68: 459 460 461 463 464 466 467 469 471 472 475 477 482 484
438	88	3: 461 462 466 467 470 472 475 476 479 482 483 485 488
439	95	50: 467 469 470 472 473 475 476 479 481 482 483 485 486
440	69	43: 461 468 469 472 474 475 476 479 482 482 483 487
441	36	30: 460 469 474 476 479 485 487 488
442	97	63: 462 463 467 469 474 476 485 486 487
443	83	31: 460 461 464 466 467 469 472 474 475 476 480 481 483 485 486 487
444	35	99: 461 464 466 468 470 472 474 474 483 485 486 487
445	15	55: 461 467 470 472 478 483 487
446	89	13: 460 462 465 470 472 474 482 484 487 488
447	13	3: 460 464 470 470 474 479 484 484
448	63	96: 461 462 470 471 479 487
449	68	70: 462 462 466 470 471 473 475 476 483 484 485 487
450	54	1: 461 466 468 475 483 487
451	41	71: 461 463 466 476 482 486 487
452	92	96: 461 464 467 469 470 471 475 476 485 486 488
453	27	9: 466 472 475 476 479 485
454	23	4: 459 462 465 472 475 476 482 484 485 486
455	14	15: 459 460 462 464 465 466 478 479 483 485
456	84	76: 462 466 469 470 472 474 479 486 487
457	45	89: 464 466 467 469 470 477 479 480 483 485 487
458	45	88: 459 461 462 464 466 469 470 472 473 479 480 482 485 487
459	38	45: 492 495 498 501 502 507 510 518 519
460	40	90: 489 491 497 498 500 501 502 507 518 519
461	33	69: 489 495 505 511 512 520
462	70	86: 489 490 491 493 497 500 502 508 511 513
463	16	27: 489 491 491 492 495 501 503 520
464	96	41: 489 491 492 493 496 500 501 512 516 520
465	95	17: 492 510 512 520
466	28	74: 489 490 497 498 500 502 511 512 515 516 517 520
467	22	94: 490 492 498 498 500 501 502 504 509 510 520
468	89	92: 489 490 491 492 494 497 498 500 501 505 513 517
469	49	44: 489 498 500 502 507 508 516 517
470	67	60: 492 493 502 503 506 507 510 512
471	63	70: 489 498 502 507
472	40	1: 489 492 495 498 502 507 511 512
473	69	19: 489 492 495 497 498 499 501 502 506 510 511
474	56	91: 490 492 497 507 508 510 512 516
475	23	45: 494 497 503 507 520
476	20	46: 495 497 498 507 510
477	93	51: 491 495 496 497 500 501 503 506
478	94	17: 489 490 494 500 506 520
479	26	87: 497 500 502 503 506 510 512 519 520
480	72	24: 493 494 498 500 513 514 518 520
481	75	41: 490 495 497 498 500 507 508 512 518
482	28	58: 490 495 499 504 508 519
483	79	32: 491 495 497 506 508 510 511 512 517
484	66	85: 489 491 493 495 497 500 501 502 507 511 514 516 520
485	63	88: 489 495 497 500 501 507 512 520
486	85	88: 489 492 493 497 501 504 507 513 520
487	55	40: 495 498 501 502 506 507 518 520
488	98	24: 495 496 498 500 501 502 507 515 518
489	11	63: 531 532 536 538 541 545 547 549
490	88	91: 521 523 528 531 533 536 539 543 545 546
491	50	75: 523 526 528 531 538 541
492	16	100: 522 526 531 532 533 536 547 548 551
493	59	45: 521 523 529 531 532 536 537 539 540 541 545 547 550
494	17	86: 521 522 527 536 539 542 545
495	44	83: 523 525 526 527 530 535 536 540 548 551
496	61	27: 522 529 536 537 538 540 541 545 548 549 551 552
497	97	95: 523 533 535 537 540 541 545 545 548
498	13	89: 521 523 530 531 534 541 546
499	19	77: 526 531 533 540 541 543 545 550
500	11	49: 531 540 541 545 548 551
501	21	24: 523 530 539 541 544 545 548
502	80	51: 522 526 528 534 540 541 548 551 552
503	34	11: 521 525 526 528 531 536 539 541 543 550
504	72	93: 523 531 536 538 539 540 542 548 551
505	35	14: 533 536 537 552
506	67	87: 526 537 552
507	98	39: 526 527 528 531 537 539 544 545 547 551
508	32	91: 522 525 527 528 532 537 538 539 547 548 550 551
509	29	44: 528 530 532 535 537 538 541 543 546 548 551
510	77	6: 522 528 533 536 537 538 543 545 546 547 548 551
511	33	47: 521 526 530 531 536 537 538 539 540 551
512	64	60: 521 522 528 531 536 537 539 540 546 548 551
513	37	22: 523 524 528 530 532 533 537 539 540 541 546 548 550 551
514	92	65: 521 523 538 539 546 547 549
515	23	100: 523 523 527 530 531 536 547 550 551
516	70	49: 521 522 523 528 529 539 540 541
517	42	30: 523 526 528 532 533 536 537 538 539 541 546 548
518	24	15: 528 533 539 546
519	40	69: 528 532 538 545 547 550
520	34	10: 526 528 530 536 540
521	94	39: 554 555 568 572 581 582 584
522	33	63: 557 560 570 571 572 573 575 581
523	10	74: 553 563 568 570 572 580
524	75	11: 553 563 572 575 580
525	34	87: 553 555 561 564 573 577 578 580 583 584
526	76	52: 553 557 560 561 570 574 576
527	100	44: 553 554 557 560 563 566 567 570 576 577 579 582
528	34	59: 553 557 560 561 563 565 569 575 576 578 580
529	59	46: 553 555 558 559 560 561 564 565 569 570 575 576 579 582 584
530	91	59: 556 557 559 561 563 569 570
531	24	39: 553 559 560 565 566 569 570 576 580 581 584
532	36	50: 556 565 568 570 572 576 580 584
533	62	51: 553 561 565 566 580 581 584
534	31	18: 556 563 565 569 570 575 576 578 579 580
535	52	52: 555 556 563 565 570 576 579 580
536	45	9: 557 559 561 563 569 571 579
537	83	25: 553 556 559 560 561 563 569 575 582 584
538	62	84: 555 560 563 570 574 575 578 580 581 584
539	90	61: 554 557 561 563 569 580 581
540	34	15: 553 556 557 560 563 575 579 584
541	15	38: 553 557 557 560 561 569 570 575 582
542	86	9: 561 563 569 575 580
543	48	95: 556 559 561 571 574 578 580
544	10	42: 562 564 569 572 578 578 584
545	48	62: 557 565 569 577 578 579 581 584
546	76	38: 561 563 570 571 576 581 582 584
547	72	5: 555 568 569 571 572 576 578 580 581
548	53	74: 556 557 560 567 569 570 576 579 581 584
549	90	2: 555 556 557 559 563 569 573 576 578 581
550	86	76: 556 557 559 563 566 569 574 576 577
551	42	71: 555 561 565 580 584
552	88	86: 553 556 558 561 565 566 570 571 574 576 583 584
553	47	94: 596 598 605 608 611
554	35	45: 586 591 592 595 603 605 606 609 610 611
555	34	16: 589 591 592 605 606 610 611
556	62	81: 585 591 592 596 602 603 604 609 610
557	69	59: 592 593 596 602 604 608 609 609 611
558	16	12: 585 589 590 591 592 596 597 606 607
559	75	98: 585 589 592 596 605 607 608 609
560	55	32: 588 592 596 596 602 605 608 609
561	64	27: 589 597 603 604 605 606 608
562	68	26: 591 592 596 599 600 601 605 607 608
563	77	82: 586 588 589 590 591 592 596 601 605 607 610
564	77	99: 589 590 592 596 599 605 609 610 611
565	49	68: 586 599 602 610 611
566	39	15: 590 609 610 610 611
567	87	64: 586 588 589 592 596 600 605 606 610 611
568	20	10: 589 591 592 600 611
569	42	73: 585 588 589 594 595 599 606 607 608 611
570	51	16: 586 589 595 600 602 603 606 608 611 612
571	42	87: 586 591 604 607 609
572	30	94: 587 588 591 595 597 600 611 612
573	41	63: 585 586 589 590 596 605 607 608 611 612
574	83	51: 585 590 591 602 603 608 609 611
575	25	3: 585 590 598 602 605 607
576	56	51: 592 595 604 605 606
577	12	73: 588 596 597 600 601 602 604 609
578	72	78: 586 590 595 598 602 604 609
579	56	69: 586 590 591 595 602 609 610
580	32	7: 586 589 590 594 596 599 603 607
581	76	34: 602 605 606 607
582	95	38: 590 591 596 598 599 604
583	83	11: 585 591 596 598 605 606 612
584	36	32: 589 599 600 602 604 606
585	12	93: 618 619 624 630 632 635 640 644 645
586	30	92: 621 622 624 635 638 640
587	91	65: 614 617 618 622 624 632 633 635 640 644
588	83	61: 622 624 625 635 636 639 644
589	71	13: 617 618 621 629 630 635 644
590	53	7: 614 622 625 637 639
591	78	92: 613 614 618 619 621 622 625 629 632 640
592	88	28: 618 622 625 629 632 636 640
593	95	6: 614 620 625 628 629 630 632 635 639
594	68	64: 619 625 627 628 632 635 639 644
595	60	36: 615 619 621 628 629 632 634 635 637 640 644
596	28	81: 616 619 620 621 623 624 630 632 639 644
597	94	74: 617 624 625 628 634 643
598	77	5: 616 617 621 622 624 625 628 632 635
599	84	3: 626 628 630 633 639 640
600	48	95: 613 614 621 628 630 632 636 639 640
601	39	53: 619 621 622 626 628 630 632 636 639 640
602	65	76: 613 622 625 627 629 630 631 633 634 635 642 644
603	54	59: 616 617 633 635 640 644
604	27	39: 616 629 633 636 638
605	27	75: 613 618 619 620 625 633
606	76	27: 616 622 626 628 629 632 633 640 644
607	66	2: 628 634 641 644
608	44	42: 616 621 622 624 634 635 636 644 645
609	97	65: 617 621 624 628 629 634 635 640 644
610	35	40: 618 624 626 628 629 633 635 639 640 644
611	87	20: 622 626 630 632 636 638 643
612	77	62: 633 641 645
613	36	15: 646 651 654 659 659 661 670 673
614	59	44: 646 657 659 659 664 666 670
615	42	22: 651 657 658 664 670
616	38	99: 647 648 650 651 654 657 660 663 664 666 673
617	65	50: 648 652 654 657 664 666 672
618	25	47: 646 647 651 653 654 657 662 666 667 672
619	63	24: 647 658 667 671 672
620	88	35: 648 650 651 652 655 658 659 660 665 666 671
621	30	80: 648 652 654 657 658 658 659 665 666 670 671
622	69	32: 646 647 652 654 656 657 667 670 671 673
623	62	78: 646 654 664 669 672
624	75	35: 652 658 663 670 672
625	67	89: 650 658 660
626	84	39: 646 651 654 657 658 664 666 669 670 671
627	85	93: 648 650 651 654 657 666 671 673
628	80	74: 646 651 652 659 664 665 670 671
629	97	93: 648 652 653 659 660 665 666 667 670 672
630	74	40: 646 648 651 653 656 664 666 671
631	93	47: 646 651 653 654 655 657 659 660 664 671 672
632	77	74: 646 647 649 657 659 665 666 667
633	15	65: 646 648 653 654 655 657 658 659 667
634	39	97: 647 648 650 655 658 660 667 671
635	26	98: 648 648 649 656 658 660 671
636	73	71: 646 647 648 651 652 658
637	50	11: 648 653 654 657 658 666 670 672
638	66	70: 648 666
639	54	35: 655 660 665 666 671 672
640	58	81: 648 649 664 669
641	75	58: 656 666 668
642	72	16: 647 652 654 657 658 664 671 673
643	73	60: 646 647 648 652 654 655 658 660 664 667 671
644	41	54: 646 647 649 654 655 658 659 664 664 666 672
645	64	94: 647 654 656 658 659 664
646	16	40: 677 678 688 688 694 696
647	64	35: 675 677 678 679 686 687 688 690 691 692 695 698
648	61	84: 676 677 678 682 685 686 687 688 695 697 700
649	28	18: 676 678 680 682 683 685 686 687 695 697 698
650	44	89: 677 681 695 696 698
651	70	71: 677 680 687 690 693 694 695 696 699 700
652	52	67: 674 681 684 693 698 699 700 701
653	27	30: 674 677 679 680 681 690 693 694 695 698 700 701
654	34	35: 674 679 680 680 685 688 689 691 693 695 697 699
655	28	13: 675 676 678 679 686 687 689 690 693 695
656	61	27: 674 676 679 680 685 687 690 691 699
657	58	98: 674 675 676 690 693 697 698 700 701
658	22	72: 674 680 681 685 695 697 700
659	15	33: 675 677 681 683 687 689 697 700
660	98	81: 675 678 682 687 689 690 691 693 699
661	73	20: 675 677 678 687 690 699
662	50	73: 677 688 689 691 692 696 698 699
663	70	20: 674 675 678 679 686 688 693 695 696 701
664	35	85: 674 686 687 688 692 694 696 699 700
665	90	46: 678 687 688 692 695 699 700
666	35	11: 676 677 679 689 696 699 700
667	18	98: 676 677 681 685 689 691 697 700
668	50	69: 676 685 686 687 700
669	64	18: 674 675 681 688 689 691 695 698 699 700
670	23	29: 674 675 676 678 679 680 681 684 686 688 690 693 694 698 699 700 701
671	28	3: 674 676 678 679 686 687 688 695 698 699
672	90	8: 678 681 685 686 686 687 688 693 698 701
673	78	1: 677 685 686 688 695 701
674	66	62: 708 710 711 714 717 720 725 726 727 728
675	87	74: 706 707 711 714 728
676	88	59: 707 711 715 725 727
677	92	98: 703 711 714 717 719 724 725 726 727 728
678	70	13: 705 706 707 711 714 721 726 727
679	35	58: 706 721 724 727
680	36	89: 704 710 712 714 720 723 724 728
681	47	34: 706 714 715 723 724 726
682	18	89: 703 707 711 712 715 717 721
683	62	28: 703 704 705 706 707 714 716 718 721 727 728
684	90	73: 703 705 706 710 716 718 723 724 726
685	25	53: 704 707 709 714 717 718 720 723 726 728
686	33	36: 703 706 710 716 717 721 726
687	76	93: 702 708 710 717
688	29	80: 704 708 710 711 714 722 725
689	61	24: 708 708 710 715 720 724
690	70	75: 708 710 716 719 724 726 727
691	35	54: 705 706 707 710 711 713 714 715 716 717 719 723 725 726 728
692	31	69: 706 707 713 720 723 726 727 728
693	99	92: 704 713 714 715 716 721 725 726
694	31	20: 704 708 709 721 722 724 725
695	58	75: 703 704 706 707 708 717 718 725 727 728
696	11	77: 703 708 710 715 716 719 720 721 727
697	51	79: 703 708 710 716 719 720 725 726 728
698	53	88: 707 708 710 716 722 725 726
699	88	99: 702 704 708 710 711 716 718 721 723 727
700	24	34: 702 705 706 707 708 709 710 715 727 727 728
701	92	58: 708 714 720 723 726
702	96	16: 730 735 737 740 741 743 746 752 758
703	29	72: 730 731 732 734 743 744 752 753 759 761
704	81	84: 730 736 742 748 753 757 760 761
705	33	2: 741 750 752 757 758
706	43	72: 730 731 733 736 737 743 744 749 759
707	21	88: 729 731 733 735 740 742 747 749 751 757 759
708	64	76: 729 730 743 745 747 749 750 752 755
709	58	8: 729 738 739 743 745 747 751 753
710	31	87: 731 733 738 743 745 747 752 759
711	35	15: 733 735 745 749 753
712	15	72: 731 734 736 737 738 740 745 750 757 759
713	64	87: 730 733 735 736 737 739 740 749 751 753 754 761
714	70	9: 729 730 733 735 747 752 761
715	100	93: 730 730 732 733 734 745 746 752 759 760
716	76	9: 730 731 734 737 740 744 747 750 753 755 756 761
717	52	83: 729 731 735 737 739 740 741 746 747 749 750 752 760
718	78	19: 729 730 737 740 744 750 755
719	49	25: 731 735 737 739 742 750 754 755 759
720	12	55: 731 740 749 750 752 753
721	92	15: 731 734 736 743 745 749 750 752 755 759
722	83	12: 734 743 750 751 752
723	15	61: 731 733 734 737 743 751 759
724	69	21: 729 730 731 737 742 743 753
725	82	69: 730 732 735 737 743 746 752
726	27	77: 729 736 745 746 747 751 754 755 756 759
727	80	63: 730 735 737 740 741 745 747 749 751 752 753 756
728	58	34: 729 737 740 743 744 746 747 749 750 751 753
729	98	83: 769 781 782 786
730	35	66: 774 782 783 786 791
731	89	1: 763 767 774 781 783 786
732	55	98: 773 775 776 781 783 784 786
733	33	55: 764 784 786 790 791
734	54	3: 766 768 784 788 791 792 793
735	83	1: 766 768 770 774 775 779 782 784 786 792
736	98	1: 768 776 783 784 791 793
737	47	81: 763 764 767 770 788
738	96	9: 762 764 776 784 787 789 792 793
739	66	89: 764 768 784 789 791 792 793
740	75	88: 768 773 774 778 781 782 786 787 791 792 793
741	42	46: 764 766 771 773 774 782 783 787 789 791
742	64	7: 765 767 773 774 777 782 783 786 789 791 792 794
743	79	3: 762 767 782 784 786 787 789
744	48	40: 765 768 773 776 783 786 789
745	13	61: 766 768 774 785 789
746	87	4: 768 773 775 781 782 783 788 789
747	95	4: 769 772 781 791 792
748	61	20: 763 764 767 768 769 775 780 792
749	88	11: 766 769 773 775 780 792
750	56	81: 762 766 769 771 773 776 789 792
751	99	7: 762 767 773 780 786 789
752	60	47: 766 768 773 782 788
753	44	91: 766 768 770 774 779 783 786 792
754	88	87: 762 766 768 769 773 776 782 786 791 792
755	61	75: 766 768 773 776 781 784 785 786 789
756	94	80: 763 764 768 776 778 792 793
757	65	43: 763 774 781 782 783 784 786 788 792
758	66	81: 766 773 774 776 784 786 788 788 789 790
759	26	51: 765 771 782 792
760	22	63: 774 776 778 783 787 792
761	75	64: 768 773 774 786
762	38	83: 795 798 801 804 805 810 815 818 821
763	92	34: 798 802 804 807 808 810 811 818
764	12	30: 800 805 816 818 823
765	60	56: 795 797 801 808 810 812 815 818 823
766	66	78: 795 797 800 806 810 815 818 818 819 823
767	17	57: 795 804 807 810 813 817 821 823
768	38	13: 798 800 804 810 811 813 815 823
769	52	81: 796 798 799 804 808 810 811 813 815 823
770	50	93: 801 810 812 815 816 818 819 821 823 823
771	63	43: 809 811 814 815 817 820 821
772	55	86: 797 803 806 811 812 815 818 820 822 823
773	28	16: 799 802 807 809 812 815 816 819 820
774	36	22: 795 804 807 810 812 823
775	64	21: 798 801 802 805 808
776	11	62: 795 796 799 800 808 810 813 816 817
777	23	4: 804 808 815 819 822
778	100	81: 798 804 808 813 823
779	59	96: 796 797 804 807 813
780	91	26: 797 804 807 809 810 812 815 816 818
781	17	24: 798 800 805 809 812 818 820
782	52	58: 797 798 805 807 815 816 819 820 823
783	78	39: 795 798 804 805 806 807 810 816 817
784	55	74: 804 805 806 809 810 812 813
785	95	79: 795 796 798 813 818 820 823
786	32	25: 795 796 797 798 799 807 812 821
787	89	22: 795 797 797 809 812 813 815 822
788	15	79: 795 797 801 807 809 811 812
789	22	73: 798 804 806 807 808 810 813
790	29	85: 798 807 808 809 810 812
791	89	96: 795 796 804 806 808 814 815 817 818
792	64	81: 795 805 806 807 810 813 818
793	67	80: 795 797 798 812 816 818
794	18	84: 798 801 804 806 807 808 809 813
795	87	31: 824 829 841 843 845 849 850 852 855
796	17	46: 828 829 832 833 834 835 836 840 843 844 846 850 854
797	90	11: 828 838 840 841 843 846 847 850 852 855
798	39	44: 825 833 841 843 845 848 850
799	44	88: 828 831 837 838 843 846 852
800	43	52: 828 835 846 851 852
801	19	67: 827 828 829 838 840 841 846 849 850 851 853
802	93	28: 824 832 837 841 846 847 851 855
803	16	27: 824 830 835 838 840 843 850 852 855
804	49	8: 832 835 839 841 843 846
805	63	48: 828 829 833 835 841 843 844 850 854 855
806	93	16: 829 830 831 833 838 840 843 850 854 855
807	68	32: 825 827 829 831 838 849 851 854
808	11	48: 824 825 832 835 839 846 854
809	35	87: 829 832 837 840 842 847 849
810	50	73: 828 829 831 832 838 840 841 844 847 849 851 854 855
811	51	54: 828 829 830 832 840 844 846 847 854
812	96	81: 829 831 835 837 838 840 842 844 847 852 854
813	43	42: 835 838 840 842 844 854
814	15	82: 840 849 851 855
815	95	25: 829 832 833 843 846 850 851 852
816	69	78: 825 829 832 835 838 843 845 851 855
817	20	13: 824 830 835 838 844 846 849 852 853 855
818	17	92: 824 828 830 832 837 838 840 841 844 851 852
819	12	53: 829 830 831 835 837 838 840 843 846 851 852 854
820	27	94: 835 844 845 846 851 852 854
821	21	93: 824 830 838 840 841 842 843 844 847 849 851
822	52	17: 831 835 836 837 841 843 844 846 847 850 851 852
823	28	61: 826 827 838 839 840 845 849 852
824	91	85: 859 876 882 883 885
825	18	94: 864 866 867 871 883 886
826	97	49: 857 864 866 871 874 876 881 883 885 886
827	68	79: 858 859 861 885 886
828	42	35: 856 860 861 865 866 869 872 878 882 885
829	48	34: 857 858 859 865 867 874 885
830	43	79: 856 861 864 865 867 870 871 876 879 885 886
831	16	9: 856 861 867 870 871 878 883
832	84	11: 856 857 858 861 864 871 878 880 885
833	38	70: 856 861 866 870 871 879 880 881 883 885
834	22	50: 859 867 875 877 878 880
835	19	35: 856 863 864 865 867 870 879 883 886
836	97	41: 863 864 865 868 872 874 876 878 880
837	12	40: 857 863 864 865 867 869 871 874 882 885 886
838	35	73: 858 861 866 869 871 872 881
839	86	68: 858 859 863 867 868 872 877 882 883
840	83	91: 863 878 879 882 885
841	41	46: 858 863 866 867 877 880 881 882 884 885
842	85	94: 862 863 864 866 867 872 874 879 882
843	94	16: 857 863 867 870 871 883 885
844	31	33: 858 866 867 871 879 883 885
845	12	91: 856 858 859 863 867 872 882
846	27	45: 856 858 863 880 886
847	47	37: 859 862 863 864 869 878 880 881 883
848	23	76: 856 863 864 867 871 872 878 886
849	23	76: 856 861 864 867 872 879 881 886
850	36	83: 856 858 859 861 864 866 879 881 886
851	47	50: 856 859 862 864 864 869 872 881
852	33	41: 858 859 862 864 867 878 881
853	32	14: 856 859 864 865 866 873 875 876 878 883 884 886
854	80	70: 856 861 865 865 866 869 872 873 876 877 878 881 885 886
855	25	3: 860 870 877 882 885
856	78	22: 890 894 898 915 916
857	96	24: 889 890 899 901 912 913 916
858	32	68: 890 893 895 899 904 908 914 916
859	35	94: 888 899 904 912 913
860	83	21: 888 890 896 899 900 901 914 915 916
861	12	51: 889 891 892 896 902 903 904 908 910
862	44	92: 889 894 896 909
863	35	96: 891 892 893 899 900 903 909
864	28	28: 887 891 895 899 906 909 911 915
865	21	52: 891 894 895 901 906 915
866	59	66: 891 895 899 901 904 908 912
867	98	84: 889 890 895 898 899 901 902 903 905 906 911
868	22	31: 890 895 896 897 900 901 902 908 914 915
869	42	56: 890 891 899 900 901 910
870	83	47: 891 891 899 900 901 904 910
871	99	51: 890 894 899 904 905 906 907
872	73	97: 889 890 894 895 902 903 909
873	18	93: 887 890 891 894 896 900 901 902
874	31	40: 891 899 900 901 903 905 909 915
875	10	65: 889 890 891 894 899 901 903 907 908 909 912 915
876	64	2: 888 890 891 899
877	14	38: 895 899 902 903 904 909 915
878	62	99: 892 894 897 899 900 903 905 906 910
879	50	37: 888 891 892 895 897 900 903 906 911
880	62	23: 890 892 896 903 915
881	29	51: 889 890 891 895 896 901 903 904 908 909
882	19	11: 889 900 904
883	34	97: 889 890 900 901 915
884	93	91: 891 895 904 908 913
885	30	38: 887 890 891 894 895 897 900 901 904 914
886	54	80: 894 895 898 900 901 903 910 912
887	36	88: 923 926 930 933 938
888	83	26: 920 925 926 927 930 933 945 947 948
889	75	97: 928 940
890	65	18: 918 919 920 928 934 947
891	44	93: 919 920 922 929 936 937 939
892	37	95: 918 922 923 928 930 933 935 937 938 943 947
893	49	55: 917 919 936 945 948
894	37	65: 922 930 946 947
895	20	21: 918 920 926 928 934 937 943 946
896	59	2: 920 920 933 934 934 937 942
897	92	81: 921 923 932 933 938 943 947
898	67	18: 918 920 923 926 928 933 944
899	91	16: 919 921 922 933 936 948
900	65	76: 917 919 920 922 927 934 947
901	75	85: 918 919 926 928 933 934 938 947
902	54	63: 917 919 929 934 936 938 938 941 943 945
903	28	56: 922 926 928 932 936 937 938 943 947
904	94	24: 919 922 926 932 938 945 947
905	92	11: 920 930 943 945 947
906	24	40: 920 923 927 928 930 938 941 942 943
907	21	43: 933 936 937 938 945
908	33	37: 918 920 926 930 937 939 941
909	50	18: 920 924 930 933 939 943 944
910	63	45: 918 919 920 928 931 934 938 945
911	23	43: 923 924 928 928 930 932 938 945
912	27	12: 918 922 926 928 930 936 937 938 945
913	59	40: 918 919 920 922 923 926 930 934 937 938 945
914	91	10: 917 918 919 920 922 926 928 932 937 943 945
915	38	79: 917 918 919 928 932 933 936 937 941 945 945
916	74	10: 918 919 927 938 940 943
917	12	69: 949 951 954 957 959 960 965 966 968 970
918	67	94: 949 951 955 957 960 962 963 965 966 970 974
919	90	47: 950 951 953 954 955 958 960 962 963 964 965 966 967 974
920	27	14: 950 951 953 955 963 965 966 968
921	29	97: 949 950 951 956 961 963
922	17	61: 951 952 953 954 955 961 968
923	74	20: 951 959 960 961 964 968 969 971
924	19	23: 951 953 957 965 969 976
925	68	34: 950 951 954 966 969 974 976
926	64	74: 949 953 954 962 972 974 975
927	80	32: 949 952 953 954 957 961 967 972
928	64	2: 952 953 955 963 969 976
929	94	15: 953 955 955 957 963 967 975
930	61	80: 956 957 963 975
931	46	4: 968 975
932	62	72: 949 952 954 957 963 966 968 969 970 972
933	86	60: 949 954 957 960 961 963 972 975
934	79	72: 949 957 960 963 965 967 975
935	33	94: 949 955 957 960 963 965 969 973 975
936	24	2: 953 955 957 963 963 969 972 974 975
937	96	73: 953 955 957 960 963 966 968 970 972
938	98	31: 949 951 953 954 955 957 960 961 966 967 968
939	29	88: 952 955 960 965 967 969 976
940	87	10: 949 950 951 955 956 957 960
941	21	90: 951 955 959 960 974
942	99	2: 957 961 965 974
943	29	76: 949 965 970 972 974 975
944	50	89: 950 954 958 960 968 970 974 975
945	70	70: 951 952 953 954 955 960 970 974
946	27	39: 949 953 954 973 974 975
947	13	10: 949 951 952 954 957 965 968 969 975
948	42	97: 949 952 952 969 976
949	30	66: 979 982 985
950	73	47: 984
951	60	24: 981 983 984 989
952	41	66: 980 985 990
953	92	46: 981 984 985
954	100	24: 983
955	21	37: 977 978 981 983 985 988
956	88	49: 985 986
957	66	47: 985 990
958	19	63: 978 980
959	68	18: 978 979 980 981 986 990
960	36	93: 981 986 990
961	53	15: 986
962	65	6: 977 986
963	17	36: 978 979 986 990
964	19	1: 979 982 985 986
965	96	90: 980 986
966	44	29: 977 983 985 986 990
967	35	90: 983 987 990
968	34	3: 979 980 982 983 986 990
969	47	30: 979 980 983 986 986 990
970	55	29: 978 980 984
971	73	2: 979 980 990
972	48	6: 977 979 980 981 982 985 990
973	70	66: 978 980 981 982 990
974	59	4: 978 979 983 985 990
975	81	5: 979 983 984 985 990
976	25	41: 977 983 985 986
977	15	0:
978	75	0:
979	60	0:
980	12	0:
981	11	0:
982	17	0:
983	85	0:
984	33	0:
985	18	0:
986	88	0:
987	49	0:
988	42	0:
989	27	0:
990	22	0:
