prog_id prog_time weight_1: child_1 ... child_n, ...
0	14	62: 8 21 85 188
1	85	29: 24
2	95	61: 8 16 20 178
3	77	50: 11 99
4	34	34: 9 118 177 191
5	90	23: 14
6	47	51: 31
7	10	70: 126
8	67	91: 22
9	94	92: 10
10	74	67: 30
11	80	29: 19
12	29	79: 15 27
13	70	53: 17 23 68
14	10	84: 152
15	52	79: 18
16	47	86: 65
17	62	68: 28 99
18	57	93: 136
19	44	44: 26 29
20	61	21: 55
21	10	18: 92
22	30	92: 25
23	73	24: 58
24	76	6: 33
25	57	57: 35
26	71	48: 38
27	80	23: 50
28	66	18: 67
29	77	14: 32 36 42 108
30	92	37: 84
31	100	91: 37
32	47	74: 34
33	67	31: 136
34	21	88: 39
35	86	39: 40
36	48	93: 38 43 108
37	87	89: 111
38	98	95: 46 47
39	23	43: 40
40	46	98: 41
41	52	45: 115
42	36	39: 44 45 48 121
43	68	95: 156 158
44	46	28: 50 161
45	84	61: 81
46	77	13: 49
47	37	28: 86
48	82	20: 52
49	12	47: 55 126 152
50	40	81: 51
51	12	48: 53 57
52	45	95: 54 66
53	65	26: 56 58 61
54	63	51: 60
55	89	60: 203
56	16	54: 64 88
57	64	48: 71
58	90	46: 59 102
59	39	92: 67
60	97	87: 71
61	48	95: 62 63 71
62	80	2: 128
63	19	18: 65 68 135
64	54	96: 91
65	50	97: 176
66	36	58: 73
67	29	18: 114
68	20	72: 69 70 109 161
69	91	58: 77
70	88	68: 89
71	71	60: 72
72	50	62: 75 173
73	61	84: 74 76 83
74	35	18: 79
75	28	89: 81 84
76	44	42: 77 98
77	40	79: 78
78	73	41: 79 80
79	41	24: 82
80	19	79: 82
81	18	37: 112
82	37	47: 115
83	75	81: 127
84	16	97: 85
85	91	63: 86 92
86	68	56: 87 88
87	32	82: 89
88	41	87: 90 91
89	10	28: 96
90	43	15: 93 94 95 119
91	77	42: 104
92	30	80: 112
93	98	95: 101 186
94	90	93: 100
95	73	9: 98
96	97	45: 97 99
97	94	68: 114
98	13	76: 126
99	71	82: 102
100	68	3: 103 110
101	51	7: 172
102	20	59: 107
103	23	65: 104 108
104	36	84: 105 109
105	89	65: 106
106	76	81: 118
107	93	88: 127
108	43	95: 133
109	48	89: 140
110	96	14: 111 114
111	66	46: 112
112	19	27: 113 118
113	83	66: 117
114	44	97: 115 117 121 122
115	95	37: 116
116	83	1: 141
117	34	77: 126
118	21	80: 119 120 143 209
119	14	9: 123
120	24	16: 191
121	24	8: 194
122	82	20: 125 132 150
123	71	77: 124 157
124	64	18: 159
125	11	25: 126 127 130
126	83	6: 128
127	92	59: 136
128	11	34: 129
129	13	38: 133
130	69	89: 131 132
131	29	25: 198
132	63	97: 134 135
133	49	54: 176
134	95	87: 146
135	95	73: 139 208
136	92	87: 137 159
137	72	40: 138 192
138	25	38: 143
139	94	81: 140 142
140	31	45: 141
141	12	76: 172
142	56	29: 153
143	67	95: 144 145 186
144	45	24: 195
145	54	98: 157
146	44	30: 147
147	71	77: 148 149 152
148	66	96: 150
149	14	69: 150
150	64	15: 151 159
151	97	43: 154
152	68	16: 155 157
153	89	5: 154 160 162
154	61	33: 188
155	29	14: 156
156	67	15: 167
157	37	8: 158 161
158	25	98: 165
159	40	98: 163
160	93	11: 169
161	87	38: 165
162	10	81: 164 176
163	84	12: 166
164	76	46: 171
165	70	1: 168 170 184
166	84	97: 172
167	28	43: 204
168	19	1: 171
169	38	26: 174
170	100	27: 202
171	28	77: 173 180
172	34	57: 189
173	11	53: 191
174	35	84: 175 177
175	59	74: 178 185 203
176	51	28: 181 198
177	26	16: 179
178	24	67: 183
179	12	80: 193
180	40	8: 190 194
181	34	2: 182
182	19	99: 197
183	49	12: 189
184	86	51: 187 188
185	23	1: 186
186	30	57: 199
187	69	54: 189 196 199
188	23	27: 205
189	87	27: 195
190	88	98: 207
191	95	21: 192
192	37	7: 197
193	89	62: 202
194	89	78: 206
195	70	46: 201
196	91	10: 200
197	78	90: 209
198	69	33: 209
199	12	18: 203
200	46	62: 205
201	37	56: 203
202	83	34: 203
203	23	59: 204
204	22	15: 207
205	63	51: 206
206	71	32: 208
207	11	37: 209
208	44	69: 209
209	65	0:
