prog_id prog_time weight_1: child_1 ... child_n, ...
0	88	3: 14
1	99	44: 9
2	99	36: 4
3	55	71: 29
4	86	59: 8 33, 70: 7
5	71	54: 6
6	36	38: 11, 66: 16
7	94	37: 10
8	17	58: 38
9	49	44: 12
10	75	5: 24
11	76	65: 13
12	78	8: 15, 55: 18
13	10	8: 14
14	24	18: 31
15	43	4: 22
16	41	79: 17, 34: 19
17	60	2: 21
18	58	67: 20
19	27	95: 25, 30: 35
20	85	22: 22, 44: 23
21	59	3: 24
22	48	29: 27, 62: 26
23	35	59: 37
24	46	75: 53
25	29	98: 45
26	91	18: 28, 54: 29 34
27	42	46: 42
28	92	76: 32
29	51	38: 31, 44: 30
30	81	58: 33
31	78	53: 44
32	44	24: 37
33	30	99: 36
34	60	64: 35
35	70	33: 38, 64: 39
36	84	14: 40
37	31	61: 48
38	21	43: 42, 15: 41
39	45	87: 46
40	38	59: 47, 35: 44 43
41	43	25: 46
42	37	20: 45
43	91	74: 50
44	87	74: 52
45	75	82: 48
46	24	42: 51
47	27	4: 49
48	86	20: 54
49	21	8: 51
50	32	75: 51
51	100	57: 53
52	24	11: 54
53	78	41: 54
54	30	0:
