prog_id prog_time weight_1: child_1 ... child_n, weight_2: child_1 ... child_n, ...
0		7		10: 30 31 32 33 34 35 36 37 38 39 40 41 42 43 44 45 46 47 48 49 50 51 52 53 54 55 56 57 58
1		9		10: 30
2		9		10: 31
3		11		10: 32
4		9		10: 33
5		10		10: 34
6		3		10: 35
7		10		10: 36
8		4		10: 37
9		10		10: 38
10		10		10: 39
11		8		10: 40
12		3		10: 41
13		15		10: 42
14		11		10: 43
15		13		10: 44
16		4		10: 45
17		7		10: 46
18		7		10: 47
19		11		10: 48
20		14		10: 49
21		5		10: 50
22		12		10: 51
23		4		10: 52
24		12		10: 53
25		8		10: 54
26		7		10: 55
27		13		10: 56
28		10		10: 57
29		14		10: 58
30		14		10: 59 60 61 62 63 64 65 66 67 68 69 70 71 72 73 74 75 76 77 78 79 80 81 82 83 84 85 86
31		12		10: 59
32		12		10: 60
33		5		10: 61
34		5		10: 62
35		9		10: 63
36		8		10: 64
37		12		10: 65
38		9		10: 66
39		4		10: 67
40		6		10: 68
41		3		10: 69
42		6		10: 70
43		10		10: 71
44		10		10: 72
45		15		10: 73
46		14		10: 74
47		13		10: 75
48		6		10: 76
49		3		10: 77
50		4		10: 78
51		4		10: 79
52		13		10: 80
53		6		10: 81
54		4		10: 82
55		15		10: 83
56		3		10: 84
57		11		10: 85
58		10		10: 86
59		12		10: 87 88 89 90 91 92 93 94 95 96 97 98 99 100 101 102 103 104 105 106 107 108 109 110 111 112 113
60		5		10: 87
61		11		10: 88
62		13		10: 89
63		15		10: 90
64		13		10: 91
65		4		10: 92
66		10		10: 93
67		6		10: 94
68		14		10: 95
69		15		10: 96
70		7		10: 97
71		3		10: 98
72		3		10: 99
73		11		10: 100
74		7		10: 101
75		7		10: 102
76		6		10: 103
77		11		10: 104
78		11		10: 105
79		9		10: 106
80		3		10: 107
81		7		10: 108
82		10		10: 109
83		6		10: 110
84		14		10: 111
85		8		10: 112
86		14		10: 113
87		3		10: 114 115 116 117 118 119 120 121 122 123 124 125 126 127 128 129 130 131 132 133 134 135 136 137 138 139
88		5		10: 114
89		8		10: 115
90		15		10: 116
91		11		10: 117
92		14		10: 118
93		3		10: 119
94		11		10: 120
95		9		10: 121
96		3		10: 122
97		7		10: 123
98		8		10: 124
99		5		10: 125
100		15		10: 126
101		4		10: 127
102		12		10: 128
103		7		10: 129
104		5		10: 130
105		9		10: 131
106		10		10: 132
107		12		10: 133
108		5		10: 134
109		11		10: 135
110		14		10: 136
111		9		10: 137
112		13		10: 138
113		4		10: 139
114		5		10: 140 141 142 143 144 145 146 147 148 149 150 151 152 153 154 155 156 157 158 159 160 161 162 163 164
115		5		10: 140
116		5		10: 141
117		7		10: 142
118		8		10: 143
119		3		10: 144
120		14		10: 145
121		10		10: 146
122		9		10: 147
123		9		10: 148
124		14		10: 149
125		5		10: 150
126		15		10: 151
127		3		10: 152
128		9		10: 153
129		8		10: 154
130		3		10: 155
131		12		10: 156
132		8		10: 157
133		11		10: 158
134		14		10: 159
135		12		10: 160
136		5		10: 161
137		13		10: 162
138		13		10: 163
139		5		10: 164
140		11		10: 165 166 167 168 169 170 171 172 173 174 175 176 177 178 179 180 181 182 183 184 185 186 187 188
141		4		10: 165
142		7		10: 166
143		9		10: 167
144		7		10: 168
145		5		10: 169
146		10		10: 170
147		11		10: 171
148		7		10: 172
149		12		10: 173
150		4		10: 174
151		8		10: 175
152		7		10: 176
153		6		10: 177
154		10		10: 178
155		13		10: 179
156		7		10: 180
157		10		10: 181
158		10		10: 182
159		5		10: 183
160		15		10: 184
161		7		10: 185
162		3		10: 186
163		13		10: 187
164		13		10: 188
165		8		10: 189 190 191 192 193 194 195 196 197 198 199 200 201 202 203 204 205 206 207 208 209 210 211
166		7		10: 189
167		10		10: 190
168		11		10: 191
169		12		10: 192
170		15		10: 193
171		10		10: 194
172		7		10: 195
173		7		10: 196
174		12		10: 197
175		14		10: 198
176		13		10: 199
177		14		10: 200
178		14		10: 201
179		4		10: 202
180		14		10: 203
181		14		10: 204
182		8		10: 205
183		4		10: 206
184		11		10: 207
185		7		10: 208
186		6		10: 209
187		7		10: 210
188		13		10: 211
189		9		10: 212 213 214 215 216 217 218 219 220 221 222 223 224 225 226 227 228 229 230 231 232 233
190		8		10: 212
191		5		10: 213
192		4		10: 214
193		9		10: 215
194		9		10: 216
195		14		10: 217
196		4		10: 218
197		15		10: 219
198		7		10: 220
199		6		10: 221
200		9		10: 222
201		15		10: 223
202		11		10: 224
203		9		10: 225
204		7		10: 226
205		4		10: 227
206		3		10: 228
207		13		10: 229
208		15		10: 230
209		14		10: 231
210		12		10: 232
211		3		10: 233
212		8		10: 234 235 236 237 238 239 240 241 242 243 244 245 246 247 248 249 250 251 252 253 254
213		14		10: 234
214		12		10: 235
215		6		10: 236
216		12		10: 237
217		11		10: 238
218		12		10: 239
219		5		10: 240
220		6		10: 241
221		15		10: 242
222		7		10: 243
223		7		10: 244
224		4		10: 245
225		11		10: 246
226		7		10: 247
227		3		10: 248
228		12		10: 249
229		8		10: 250
230		10		10: 251
231		5		10: 252
232		6		10: 253
233		13		10: 254
234		3		10: 255 256 257 258 259 260 261 262 263 264 265 266 267 268 269 270 271 272 273 274
235		14		10: 255
236		8		10: 256
237		15		10: 257
238		14		10: 258
239		13		10: 259
240		12		10: 260
241		7		10: 261
242		7		10: 262
243		12		10: 263
244		11		10: 264
245		14		10: 265
246		15		10: 266
247		14		10: 267
248		10		10: 268
249		6		10: 269
250		8		10: 270
251		7		10: 271
252		12		10: 272
253		4		10: 273
254		14		10: 274
255		4		10: 275 276 277 278 279 280 281 282 283 284 285 286 287 288 289 290 291 292 293
256		14		10: 275
257		13		10: 276
258		15		10: 277
259		12		10: 278
260		11		10: 279
261		7		10: 280
262		14		10: 281
263		13		10: 282
264		11		10: 283
265		9		10: 284
266		11		10: 285
267		14		10: 286
268		8		10: 287
269		11		10: 288
270		12		10: 289
271		11		10: 290
272		12		10: 291
273		6		10: 292
274		14		10: 293
275		12		10: 294 295 296 297 298 299 300 301 302 303 304 305 306 307 308 309 310 311
276		10		10: 294
277		4		10: 295
278		12		10: 296
279		6		10: 297
280		12		10: 298
281		6		10: 299
282		6		10: 300
283		11		10: 301
284		6		10: 302
285		8		10: 303
286		10		10: 304
287		3		10: 305
288		3		10: 306
289		11		10: 307
290		5		10: 308
291		4		10: 309
292		12		10: 310
293		3		10: 311
294		8		10: 312 313 314 315 316 317 318 319 320 321 322 323 324 325 326 327 328
295		5		10: 312
296		13		10: 313
297		5		10: 314
298		15		10: 315
299		11		10: 316
300		7		10: 317
301		13		10: 318
302		4		10: 319
303		13		10: 320
304		15		10: 321
305		4		10: 322
306		9		10: 323
307		8		10: 324
308		8		10: 325
309		12		10: 326
310		5		10: 327
311		10		10: 328
312		7		10: 329 330 331 332 333 334 335 336 337 338 339 340 341 342 343 344
313		9		10: 329
314		11		10: 330
315		8		10: 331
316		12		10: 332
317		6		10: 333
318		11		10: 334
319		7		10: 335
320		15		10: 336
321		3		10: 337
322		12		10: 338
323		7		10: 339
324		12		10: 340
325		15		10: 341
326		14		10: 342
327		15		10: 343
328		14		10: 344
329		10		10: 345 346 347 348 349 350 351 352 353 354 355 356 357 358 359
330		13		10: 345
331		6		10: 346
332		8		10: 347
333		8		10: 348
334		11		10: 349
335		11		10: 350
336		9		10: 351
337		9		10: 352
338		11		10: 353
339		5		10: 354
340		11		10: 355
341		10		10: 356
342		7		10: 357
343		7		10: 358
344		9		10: 359
345		5		10: 360 361 362 363 364 365 366 367 368 369 370 371 372 373
346		11		10: 360
347		10		10: 361
348		15		10: 362
349		15		10: 363
350		7		10: 364
351		5		10: 365
352		13		10: 366
353		12		10: 367
354		13		10: 368
355		10		10: 369
356		14		10: 370
357		8		10: 371
358		13		10: 372
359		6		10: 373
360		12		10: 374 375 376 377 378 379 380 381 382 383 384 385 386
361		10		10: 374
362		3		10: 375
363		8		10: 376
364		5		10: 377
365		7		10: 378
366		11		10: 379
367		3		10: 380
368		10		10: 381
369		10		10: 382
370		8		10: 383
371		7		10: 384
372		11		10: 385
373		3		10: 386
374		13		10: 387 388 389 390 391 392 393 394 395 396 397 398
375		5		10: 387
376		12		10: 388
377		8		10: 389
378		14		10: 390
379		3		10: 391
380		9		10: 392
381		5		10: 393
382		10		10: 394
383		5		10: 395
384		8		10: 396
385		8		10: 397
386		5		10: 398
387		13		10: 399 400 401 402 403 404 405 406 407 408 409
388		5		10: 399
389		5		10: 400
390		4		10: 401
391		10		10: 402
392		7		10: 403
393		10		10: 404
394		5		10: 405
395		3		10: 406
396		6		10: 407
397		15		10: 408
398		15		10: 409
399		12		10: 410 411 412 413 414 415 416 417 418 419
400		8		10: 410
401		12		10: 411
402		8		10: 412
403		8		10: 413
404		12		10: 414
405		7		10: 415
406		8		10: 416
407		13		10: 417
408		12		10: 418
409		3		10: 419
410		6		10: 420 421 422 423 424 425 426 427 428
411		8		10: 420
412		3		10: 421
413		14		10: 422
414		7		10: 423
415		8		10: 424
416		11		10: 425
417		5		10: 426
418		5		10: 427
419		13		10: 428
420		6		10: 429 430 431 432 433 434 435 436
421		10		10: 429
422		3		10: 430
423		12		10: 431
424		9		10: 432
425		15		10: 433
426		5		10: 434
427		9		10: 435
428		11		10: 436
429		5		10: 437 438 439 440 441 442 443
430		3		10: 437
431		14		10: 438
432		10		10: 439
433		9		10: 440
434		8		10: 441
435		4		10: 442
436		10		10: 443
437		4		10: 444 445 446 447 448 449
438		6		10: 444
439		10		10: 445
440		8		10: 446
441		7		10: 447
442		14		10: 448
443		8		10: 449
444		6		10: 450 451 452 453 454
445		8		10: 450
446		5		10: 451
447		10		10: 452
448		11		10: 453
449		7		10: 454
450		9		10: 455 456 457 458
451		9		10: 455
452		4		10: 456
453		9		10: 457
454		7		10: 458
455		7		10: 459 460 461
456		4		10: 459
457		6		10: 460
458		11		10: 461
459		5		10: 462 463
460		10		10: 462
461		12		10: 463
462		14		10: 464
463		11		10: 464
464		6		10:
