prog_id prog_time weight_1: child_1 ... child_n, weight_2: child_1 ... child_n, ...
0		7		10: 30 31 32 33 34 35 36 37 38 39 40 41 42 43 44 45 46 47 48 49 50 51 52 53 54 55 56 57 58
1		8		10: 30
2		7		10: 31
3		9		10: 32
4		8		10: 33
5		7		10: 34
6		3		10: 35
7		4		10: 36
8		10		10: 37
9		9		10: 38
10		15		10: 39
11		15		10: 40
12		5		10: 41
13		9		10: 42
14		7		10: 43
15		3		10: 44
16		7		10: 45
17		6		10: 46
18		14		10: 47
19		7		10: 48
20		15		10: 49
21		15		10: 50
22		3		10: 51
23		5		10: 52
24		14		10: 53
25		9		10: 54
26		14		10: 55
27		13		10: 56
28		10		10: 57
29		15		10: 58
30		12		10: 59 60 61 62 63 64 65 66 67 68 69 70 71 72 73 74 75 76 77 78 79 80 81 82 83 84 85 86
31		12		10: 59
32		8		10: 60
33		6		10: 61
34		10		10: 62
35		9		10: 63
36		4		10: 64
37		8		10: 65
38		9		10: 66
39		13		10: 67
40		6		10: 68
41		8		10: 69
42		14		10: 70
43		5		10: 71
44		8		10: 72
45		10		10: 73
46		14		10: 74
47		4		10: 75
48		14		10: 76
49		14		10: 77
50		15		10: 78
51		6		10: 79
52		7		10: 80
53		11		10: 81
54		8		10: 82
55		10		10: 83
56		4		10: 84
57		4		10: 85
58		15		10: 86
59		13		10: 87 88 89 90 91 92 93 94 95 96 97 98 99 100 101 102 103 104 105 106 107 108 109 110 111 112 113
60		8		10: 87
61		13		10: 88
62		13		10: 89
63		10		10: 90
64		4		10: 91
65		12		10: 92
66		9		10: 93
67		11		10: 94
68		8		10: 95
69		3		10: 96
70		4		10: 97
71		5		10: 98
72		4		10: 99
73		14		10: 100
74		3		10: 101
75		12		10: 102
76		5		10: 103
77		13		10: 104
78		9		10: 105
79		7		10: 106
80		10		10: 107
81		8		10: 108
82		9		10: 109
83		12		10: 110
84		12		10: 111
85		10		10: 112
86		13		10: 113
87		11		10: 114 115 116 117 118 119 120 121 122 123 124 125 126 127 128 129 130 131 132 133 134 135 136 137 138 139
88		6		10: 114
89		9		10: 115
90		12		10: 116
91		4		10: 117
92		15		10: 118
93		3		10: 119
94		13		10: 120
95		6		10: 121
96		4		10: 122
97		11		10: 123
98		5		10: 124
99		3		10: 125
100		8		10: 126
101		15		10: 127
102		10		10: 128
103		9		10: 129
104		10		10: 130
105		3		10: 131
106		10		10: 132
107		8		10: 133
108		7		10: 134
109		6		10: 135
110		10		10: 136
111		15		10: 137
112		3		10: 138
113		4		10: 139
114		3		10: 140 141 142 143 144 145 146 147 148 149 150 151 152 153 154 155 156 157 158 159 160 161 162 163 164
115		4		10: 140
116		9		10: 141
117		15		10: 142
118		15		10: 143
119		9		10: 144
120		13		10: 145
121		8		10: 146
122		10		10: 147
123		10		10: 148
124		14		10: 149
125		6		10: 150
126		14		10: 151
127		6		10: 152
128		12		10: 153
129		15		10: 154
130		7		10: 155
131		11		10: 156
132		12		10: 157
133		13		10: 158
134		4		10: 159
135		9		10: 160
136		3		10: 161
137		9		10: 162
138		8		10: 163
139		12		10: 164
140		7		10: 165 166 167 168 169 170 171 172 173 174 175 176 177 178 179 180 181 182 183 184 185 186 187 188
141		3		10: 165
142		6		10: 166
143		15		10: 167
144		11		10: 168
145		11		10: 169
146		14		10: 170
147		8		10: 171
148		5		10: 172
149		8		10: 173
150		5		10: 174
151		6		10: 175
152		10		10: 176
153		14		10: 177
154		7		10: 178
155		12		10: 179
156		14		10: 180
157		7		10: 181
158		3		10: 182
159		3		10: 183
160		14		10: 184
161		3		10: 185
162		9		10: 186
163		6		10: 187
164		13		10: 188
165		6		10: 189 190 191 192 193 194 195 196 197 198 199 200 201 202 203 204 205 206 207 208 209 210 211
166		4		10: 189
167		12		10: 190
168		13		10: 191
169		12		10: 192
170		8		10: 193
171		15		10: 194
172		11		10: 195
173		13		10: 196
174		6		10: 197
175		14		10: 198
176		9		10: 199
177		5		10: 200
178		14		10: 201
179		15		10: 202
180		15		10: 203
181		7		10: 204
182		11		10: 205
183		6		10: 206
184		6		10: 207
185		8		10: 208
186		15		10: 209
187		9		10: 210
188		12		10: 211
189		7		10: 212 213 214 215 216 217 218 219 220 221 222 223 224 225 226 227 228 229 230 231 232 233
190		6		10: 212
191		13		10: 213
192		8		10: 214
193		14		10: 215
194		9		10: 216
195		8		10: 217
196		14		10: 218
197		9		10: 219
198		4		10: 220
199		5		10: 221
200		12		10: 222
201		10		10: 223
202		12		10: 224
203		7		10: 225
204		6		10: 226
205		7		10: 227
206		4		10: 228
207		6		10: 229
208		14		10: 230
209		3		10: 231
210		7		10: 232
211		10		10: 233
212		6		10: 234 235 236 237 238 239 240 241 242 243 244 245 246 247 248 249 250 251 252 253 254
213		7		10: 234
214		9		10: 235
215		6		10: 236
216		15		10: 237
217		13		10: 238
218		15		10: 239
219		14		10: 240
220		14		10: 241
221		14		10: 242
222		7		10: 243
223		15		10: 244
224		15		10: 245
225		5		10: 246
226		13		10: 247
227		3		10: 248
228		7		10: 249
229		3		10: 250
230		3		10: 251
231		6		10: 252
232		14		10: 253
233		10		10: 254
234		11		10: 255 256 257 258 259 260 261 262 263 264 265 266 267 268 269 270 271 272 273 274
235		8		10: 255
236		5		10: 256
237		6		10: 257
238		7		10: 258
239		4		10: 259
240		10		10: 260
241		5		10: 261
242		9		10: 262
243		9		10: 263
244		14		10: 264
245		4		10: 265
246		10		10: 266
247		7		10: 267
248		15		10: 268
249		9		10: 269
250		3		10: 270
251		10		10: 271
252		12		10: 272
253		10		10: 273
254		3		10: 274
255		12		10: 275 276 277 278 279 280 281 282 283 284 285 286 287 288 289 290 291 292 293
256		3		10: 275
257		3		10: 276
258		7		10: 277
259		8		10: 278
260		7		10: 279
261		6		10: 280
262		13		10: 281
263		13		10: 282
264		3		10: 283
265		10		10: 284
266		8		10: 285
267		5		10: 286
268		7		10: 287
269		13		10: 288
270		9		10: 289
271		13		10: 290
272		6		10: 291
273		9		10: 292
274		3		10: 293
275		12		10: 294 295 296 297 298 299 300 301 302 303 304 305 306 307 308 309 310 311
276		4		10: 294
277		8		10: 295
278		15		10: 296
279		5		10: 297
280		9		10: 298
281		5		10: 299
282		13		10: 300
283		8		10: 301
284		10		10: 302
285		7		10: 303
286		9		10: 304
287		15		10: 305
288		3		10: 306
289		14		10: 307
290		5		10: 308
291		7		10: 309
292		15		10: 310
293		12		10: 311
294		13		10: 312 313 314 315 316 317 318 319 320 321 322 323 324 325 326 327 328
295		7		10: 312
296		11		10: 313
297		5		10: 314
298		8		10: 315
299		6		10: 316
300		5		10: 317
301		3		10: 318
302		8		10: 319
303		11		10: 320
304		3		10: 321
305		9		10: 322
306		9		10: 323
307		8		10: 324
308		14		10: 325
309		15		10: 326
310		13		10: 327
311		4		10: 328
312		6		10: 329 330 331 332 333 334 335 336 337 338 339 340 341 342 343 344
313		8		10: 329
314		3		10: 330
315		5		10: 331
316		15		10: 332
317		5		10: 333
318		7		10: 334
319		5		10: 335
320		12		10: 336
321		9		10: 337
322		4		10: 338
323		7		10: 339
324		6		10: 340
325		8		10: 341
326		7		10: 342
327		12		10: 343
328		10		10: 344
329		11		10: 345 346 347 348 349 350 351 352 353 354 355 356 357 358 359
330		5		10: 345
331		13		10: 346
332		15		10: 347
333		3		10: 348
334		3		10: 349
335		6		10: 350
336		7		10: 351
337		5		10: 352
338		8		10: 353
339		12		10: 354
340		15		10: 355
341		6		10: 356
342		14		10: 357
343		4		10: 358
344		3		10: 359
345		14		10: 360 361 362 363 364 365 366 367 368 369 370 371 372 373
346		11		10: 360
347		7		10: 361
348		12		10: 362
349		4		10: 363
350		12		10: 364
351		3		10: 365
352		9		10: 366
353		15		10: 367
354		6		10: 368
355		8		10: 369
356		5		10: 370
357		15		10: 371
358		11		10: 372
359		4		10: 373
360		12		10: 374 375 376 377 378 379 380 381 382 383 384 385 386
361		4		10: 374
362		10		10: 375
363		3		10: 376
364		7		10: 377
365		6		10: 378
366		7		10: 379
367		5		10: 380
368		11		10: 381
369		6		10: 382
370		13		10: 383
371		15		10: 384
372		5		10: 385
373		14		10: 386
374		14		10: 387 388 389 390 391 392 393 394 395 396 397 398
375		5		10: 387
376		15		10: 388
377		7		10: 389
378		15		10: 390
379		8		10: 391
380		7		10: 392
381		15		10: 393
382		14		10: 394
383		5		10: 395
384		4		10: 396
385		4		10: 397
386		13		10: 398
387		11		10: 399 400 401 402 403 404 405 406 407 408 409
388		11		10: 399
389		7		10: 400
390		7		10: 401
391		4		10: 402
392		5		10: 403
393		4		10: 404
394		7		10: 405
395		6		10: 406
396		3		10: 407
397		15		10: 408
398		9		10: 409
399		4		10: 410 411 412 413 414 415 416 417 418 419
400		13		10: 410
401		7		10: 411
402		3		10: 412
403		15		10: 413
404		14		10: 414
405		3		10: 415
406		15		10: 416
407		7		10: 417
408		14		10: 418
409		4		10: 419
410		13		10: 420 421 422 423 424 425 426 427 428
411		14		10: 420
412		9		10: 421
413		8		10: 422
414		11		10: 423
415		11		10: 424
416		13		10: 425
417		5		10: 426
418		5		10: 427
419		9		10: 428
420		13		10: 429 430 431 432 433 434 435 436
421		4		10: 429
422		4		10: 430
423		10		10: 431
424		9		10: 432
425		10		10: 433
426		14		10: 434
427		9		10: 435
428		6		10: 436
429		13		10: 437 438 439 440 441 442 443
430		4		10: 437
431		5		10: 438
432		8		10: 439
433		10		10: 440
434		14		10: 441
435		3		10: 442
436		11		10: 443
437		9		10: 444 445 446 447 448 449
438		14		10: 444
439		12		10: 445
440		12		10: 446
441		3		10: 447
442		14		10: 448
443		11		10: 449
444		7		10: 450 451 452 453 454
445		10		10: 450
446		12		10: 451
447		7		10: 452
448		4		10: 453
449		9		10: 454
450		7		10: 455 456 457 458
451		7		10: 455
452		11		10: 456
453		10		10: 457
454		15		10: 458
455		9		10: 459 460 461
456		6		10: 459
457		12		10: 460
458		8		10: 461
459		15		10: 462 463
460		7		10: 462
461		14		10: 463
462		13		10: 464
463		15		10: 464
464		4		10:
